jaar;weeknr;aantal_dgn;voorlopig;totaal_m_v_0_999;totaal_m_0_999;totaal_v_0_999;totaal_m_v_0_65;totaal_m_0_65;totaal_v_0_65;totaal_m_v_65_80;totaal_m_65_80;totaal_v_65_80;totaal_m_v_80_999;totaal_m_80_999;totaal_v_80_999
1995;0;1;0;394;200;194;62;38;24;136;75;61;196;87;109
2001;53;1;0;424;194;230;75;45;30;155;80;75;194;69;125
2006;0;1;0;352;182;170;57;31;26;118;65;53;177;86;91
2007;53;1;0;417;212;205;69;45;24;120;72;48;228;95;133
2012;0;1;0;411;188;223;68;40;28;109;59;50;234;89;145
2012;53;1;0;397;183;214;82;45;37;100;62;38;215;76;139
2017;0;1;0;469;221;248;59;37;22;128;65;63;282;119;163
2018;53;1;0;456;213;243;66;36;30;142;91;51;248;86;162
1996;53;2;0;858;426;432;157;101;56;307;178;129;394;147;247
2000;0;2;0;956;471;485;168;107;61;301;178;123;487;186;301
2002;53;2;0;870;415;455;158;95;63;287;160;127;425;160;265
2005;0;2;0;796;398;398;141;92;49;223;127;96;432;179;253
2011;0;2;0;824;400;424;130;77;53;223;135;88;471;188;283
2013;53;2;0;772;374;398;107;63;44;249;153;96;416;158;258
2019;53;2;0;858;412;446;113;67;46;264;149;115;481;196;285
2022;0;2;1;954;462;492;117;69;48;284;171;113;553;222;331
1997;53;3;0;1124;537;587;192;120;72;413;245;168;519;172;347
1999;0;3;0;1250;626;624;203;137;66;410;242;168;637;247;390
2003;53;3;0;1434;685;749;266;153;113;458;269;189;710;263;447
2008;53;3;0;1266;611;655;234;132;102;363;223;140;669;256;413
2010;0;3;0;1179;542;637;202;129;73;333;191;142;644;222;422
2014;53;3;0;1345;617;728;191;108;83;385;216;169;769;293;476
2016;0;3;0;1262;649;613;175;98;77;382;236;146;705;315;390
2021;0;3;1;1734;891;843;188;110;78;514;314;200;1032;467;565
1998;1;4;0;1551;768;783;270;165;105;531;310;221;750;293;457
1998;53;4;0;1732;827;905;326;209;117;587;342;245;819;276;543
2004;1;4;0;1899;912;987;276;159;117;596;363;233;1027;390;637
2009;1;4;0;1828;874;954;280;163;117;507;304;203;1041;407;634
2009;53;4;0;1571;769;802;272;161;111;478;279;199;821;329;492
2015;1;4;0;1910;905;1005;251;153;98;511;301;210;1148;451;697
2015;53;4;0;1658;799;859;269;154;115;497;281;216;892;364;528
2020;53;4;0;2369;1220;1149;274;165;109;766;474;292;1329;581;748
1997;1;5;0;2268;1153;1115;386;240;146;740;453;287;1142;460;682
1999;52;5;0;2306;1104;1202;408;252;156;811;453;358;1087;399;688
2003;1;5;0;2141;1054;1087;382;243;139;638;369;269;1121;442;679
2004;53;5;0;2067;988;1079;353;225;128;668;383;285;1046;380;666
2010;52;5;0;2060;1019;1041;357;212;145;631;382;249;1072;425;647
2014;1;5;0;1994;984;1010;298;173;125;611;363;248;1085;448;637
2020;1;5;0;2245;1092;1153;272;149;123;632;382;250;1341;561;780
2021;52;5;1;2698;1369;1329;376;218;158;859;505;354;1463;646;817
2002;1;6;0;2522;1226;1296;440;267;173;800;481;319;1282;478;804
2005;52;6;0;2348;1158;1190;412;236;176;760;452;308;1176;470;706
2008;1;6;0;2532;1247;1285;402;239;163;708;423;285;1422;585;837
2011;52;6;0;2413;1132;1281;421;237;184;684;392;292;1308;503;805
2013;1;6;0;2550;1187;1363;400;224;176;732;405;327;1418;558;860
2016;52;6;0;2860;1341;1519;413;254;159;840;470;370;1607;617;990
2019;1;6;0;2606;1250;1356;341;192;149;715;394;321;1550;664;886
1995;1;7;0;2719;1325;1394;476;283;193;901;546;355;1342;496;846
1995;2;7;0;2823;1393;1430;511;305;206;955;570;385;1357;518;839
1995;3;7;0;2609;1279;1330;473;282;191;888;540;348;1248;457;791
1995;4;7;0;2664;1366;1298;513;334;179;880;543;337;1271;489;782
1995;5;7;0;2577;1341;1236;484;316;168;874;539;335;1219;486;733
1995;6;7;0;2536;1248;1288;464;294;170;879;506;373;1193;448;745
1995;7;7;0;2551;1300;1251;503;308;195;888;556;332;1160;436;724
1995;8;7;0;2510;1268;1242;481;310;171;838;520;318;1191;438;753
1995;9;7;0;2490;1263;1227;491;318;173;852;517;335;1147;428;719
1995;10;7;0;2770;1394;1376;513;306;207;986;604;382;1271;484;787
1995;11;7;0;2800;1396;1404;486;302;184;980;600;380;1334;494;840
1995;12;7;0;2786;1394;1392;516;328;188;958;578;380;1312;488;824
1995;13;7;0;2634;1348;1286;498;330;168;923;547;376;1213;471;742
1995;14;7;0;2717;1355;1362;492;317;175;901;531;370;1324;507;817
1995;15;7;0;2645;1383;1262;499;320;179;970;584;386;1176;479;697
1995;16;7;0;2691;1338;1353;508;329;179;937;548;389;1246;461;785
1995;17;7;0;2645;1317;1328;488;308;180;906;539;367;1251;470;781
1995;18;7;0;2628;1338;1290;508;322;186;928;559;369;1192;457;735
1995;19;7;0;2486;1270;1216;528;338;190;869;514;355;1089;418;671
1995;20;7;0;2482;1247;1235;463;288;175;893;534;359;1126;425;701
1995;21;7;0;2468;1223;1245;492;277;215;877;531;346;1099;415;684
1995;22;7;0;2485;1259;1226;514;333;181;895;528;367;1076;398;678
1995;23;7;0;2319;1180;1139;485;307;178;810;489;321;1024;384;640
1995;24;7;0;2352;1207;1145;435;266;169;859;521;338;1058;420;638
1995;25;7;0;2498;1271;1227;477;296;181;850;522;328;1171;453;718
1995;26;7;0;2663;1302;1361;511;310;201;924;526;398;1228;466;762
1995;27;7;0;2489;1248;1241;522;335;187;873;528;345;1094;385;709
1995;28;7;0;2808;1343;1465;517;325;192;931;543;388;1360;475;885
1995;29;7;0;2451;1227;1224;480;301;179;878;542;336;1093;384;709
1995;30;7;0;2466;1226;1240;512;323;189;841;503;338;1113;400;713
1995;31;7;0;2744;1310;1434;527;309;218;889;523;366;1328;478;850
1995;32;7;0;2473;1214;1259;504;324;180;871;500;371;1098;390;708
1995;33;7;0;2380;1171;1209;466;283;183;848;515;333;1066;373;693
1995;34;7;0;2427;1231;1196;508;319;189;851;524;327;1068;388;680
1995;35;7;0;2278;1170;1108;472;293;179;793;500;293;1013;377;636
1995;36;7;0;2362;1176;1186;512;327;185;819;476;343;1031;373;658
1995;37;7;0;2348;1204;1144;500;321;179;846;520;326;1002;363;639
1995;38;7;0;2437;1242;1195;479;299;180;956;564;392;1002;379;623
1995;39;7;0;2366;1223;1143;508;315;193;838;507;331;1020;401;619
1995;40;7;0;2525;1302;1223;496;310;186;931;565;366;1098;427;671
1995;41;7;0;2600;1349;1251;526;340;186;920;552;368;1154;457;697
1995;42;7;0;2417;1221;1196;496;323;173;895;519;376;1026;379;647
1995;43;7;0;2455;1223;1232;503;317;186;891;518;373;1061;388;673
1995;44;7;0;2573;1308;1265;549;355;194;958;558;400;1066;395;671
1995;45;7;0;2533;1310;1223;491;305;186;933;567;366;1109;438;671
1995;46;7;0;2691;1329;1362;544;326;218;978;560;418;1169;443;726
1995;47;7;0;2613;1331;1282;491;310;181;965;569;396;1157;452;705
1995;48;7;0;2646;1317;1329;468;288;180;960;580;380;1218;449;769
1995;49;7;0;2826;1445;1381;527;329;198;1028;613;415;1271;503;768
1995;50;7;0;3098;1544;1554;560;357;203;1130;667;463;1408;520;888
1995;51;7;0;3291;1645;1646;569;352;217;1199;712;487;1523;581;942
1995;52;7;0;3436;1715;1721;585;357;228;1228;731;497;1623;627;996
1996;1;7;0;3546;1754;1792;603;387;216;1155;716;439;1788;651;1137
1996;2;7;0;3257;1572;1685;557;342;215;1090;630;460;1610;600;1010
1996;3;7;0;2970;1484;1486;507;324;183;994;621;373;1469;539;930
1996;4;7;0;2855;1445;1410;492;313;179;1023;617;406;1340;515;825
1996;5;7;0;2992;1482;1510;505;330;175;1037;623;414;1450;529;921
1996;6;7;0;3089;1526;1563;510;352;158;1007;609;398;1572;565;1007
1996;7;7;0;3046;1525;1521;533;332;201;1042;620;422;1471;573;898
1996;8;7;0;2887;1415;1472;464;287;177;959;556;403;1464;572;892
1996;9;7;0;2878;1448;1430;520;308;212;956;561;395;1402;579;823
1996;10;7;0;2714;1343;1371;459;298;161;941;561;380;1314;484;830
1996;11;7;0;2807;1400;1407;522;330;192;926;563;363;1359;507;852
1996;12;7;0;2784;1335;1449;493;298;195;973;567;406;1318;470;848
1996;13;7;0;2727;1346;1381;522;319;203;950;561;389;1255;466;789
1996;14;7;0;2765;1385;1380;491;308;183;962;575;387;1312;502;810
1996;15;7;0;2642;1352;1290;493;320;173;916;548;368;1233;484;749
1996;16;7;0;2856;1404;1452;529;329;200;987;588;399;1340;487;853
1996;17;7;0;2703;1373;1330;489;307;182;944;586;358;1270;480;790
1996;18;7;0;2498;1272;1226;475;311;164;868;526;342;1155;435;720
1996;19;7;0;2519;1281;1238;482;306;176;873;536;337;1164;439;725
1996;20;7;0;2598;1324;1274;525;326;199;925;550;375;1148;448;700
1996;21;7;0;2514;1263;1251;511;310;201;894;539;355;1109;414;695
1996;22;7;0;2523;1265;1258;513;332;181;876;510;366;1134;423;711
1996;23;7;0;2752;1343;1409;521;314;207;868;521;347;1363;508;855
1996;24;7;0;2506;1289;1217;454;298;156;902;533;369;1150;458;692
1996;25;7;0;2366;1164;1202;477;304;173;819;470;349;1070;390;680
1996;26;7;0;2376;1194;1182;482;287;195;863;513;350;1031;394;637
1996;27;7;0;2433;1208;1225;497;305;192;840;504;336;1096;399;697
1996;28;7;0;2490;1215;1275;490;287;203;896;514;382;1104;414;690
1996;29;7;0;2467;1220;1247;515;325;190;876;532;344;1076;363;713
1996;30;7;0;2500;1247;1253;527;350;177;850;495;355;1123;402;721
1996;31;7;0;2285;1157;1128;506;326;180;773;460;313;1006;371;635
1996;32;7;0;2449;1250;1199;475;297;178;922;565;357;1052;388;664
1996;33;7;0;2357;1173;1184;476;290;186;850;521;329;1031;362;669
1996;34;7;0;2364;1189;1175;508;329;179;832;503;329;1024;357;667
1996;35;7;0;2273;1154;1119;472;290;182;839;517;322;962;347;615
1996;36;7;0;2150;1081;1069;440;278;162;781;458;323;929;345;584
1996;37;7;0;2275;1111;1164;434;261;173;897;517;380;944;333;611
1996;38;7;0;2523;1278;1245;502;313;189;899;541;358;1122;424;698
1996;39;7;0;2582;1366;1216;571;374;197;886;526;360;1125;466;659
1996;40;7;0;2467;1247;1220;505;321;184;857;519;338;1105;407;698
1996;41;7;0;2417;1220;1197;487;299;188;930;561;369;1000;360;640
1996;42;7;0;2377;1219;1158;496;314;182;869;543;326;1012;362;650
1996;43;7;0;2465;1263;1202;495;320;175;877;527;350;1093;416;677
1996;44;7;0;2404;1245;1159;525;329;196;832;510;322;1047;406;641
1996;45;7;0;2513;1257;1256;487;311;176;905;538;367;1121;408;713
1996;46;7;0;2537;1262;1275;542;315;227;942;535;407;1053;412;641
1996;47;7;0;2636;1329;1307;546;340;206;976;576;400;1114;413;701
1996;48;7;0;2591;1368;1223;518;327;191;964;599;365;1109;442;667
1996;49;7;0;2604;1313;1291;506;303;203;996;585;411;1102;425;677
1996;50;7;0;2708;1357;1351;531;315;216;970;585;385;1207;457;750
1996;51;7;0;2773;1406;1367;532;341;191;1006;615;391;1235;450;785
1996;52;7;0;2893;1463;1430;519;327;192;1063;617;446;1311;519;792
1997;2;7;0;3290;1552;1738;568;347;221;1064;624;440;1658;581;1077
1997;3;7;0;3249;1586;1663;480;302;178;1085;652;433;1684;632;1052
1997;4;7;0;3185;1585;1600;540;323;217;1083;671;412;1562;591;971
1997;5;7;0;3061;1491;1570;495;312;183;1054;629;425;1512;550;962
1997;6;7;0;3012;1516;1496;481;287;194;1028;617;411;1503;612;891
1997;7;7;0;2980;1512;1468;514;315;199;962;592;370;1504;605;899
1997;8;7;0;2807;1396;1411;508;317;191;940;563;377;1359;516;843
1997;9;7;0;2792;1372;1420;520;326;194;943;559;384;1329;487;842
1997;10;7;0;2640;1336;1304;488;318;170;921;533;388;1231;485;746
1997;11;7;0;2529;1271;1258;500;288;212;922;549;373;1107;434;673
1997;12;7;0;2467;1209;1258;467;269;198;909;530;379;1091;410;681
1997;13;7;0;2483;1196;1287;481;291;190;842;494;348;1160;411;749
1997;14;7;0;2546;1271;1275;506;317;189;878;518;360;1162;436;726
1997;15;7;0;2451;1231;1220;472;287;185;884;534;350;1095;410;685
1997;16;7;0;2455;1242;1213;513;298;215;878;540;338;1064;404;660
1997;17;7;0;2649;1335;1314;486;317;169;938;556;382;1225;462;763
1997;18;7;0;2646;1284;1362;525;318;207;895;526;369;1226;440;786
1997;19;7;0;2437;1217;1220;492;300;192;846;520;326;1099;397;702
1997;20;7;0;2611;1280;1331;482;290;192;887;547;340;1242;443;799
1997;21;7;0;2483;1214;1269;483;279;204;855;514;341;1145;421;724
1997;22;7;0;2426;1282;1144;489;309;180;885;562;323;1052;411;641
1997;23;7;0;2709;1333;1376;509;304;205;938;581;357;1262;448;814
1997;24;7;0;2555;1273;1282;515;309;206;881;523;358;1159;441;718
1997;25;7;0;2391;1190;1201;476;298;178;868;510;358;1047;382;665
1997;26;7;0;2372;1160;1212;465;288;177;852;477;375;1055;395;660
1997;27;7;0;2409;1199;1210;467;289;178;856;503;353;1086;407;679
1997;28;7;0;2486;1191;1295;504;294;210;889;520;369;1093;377;716
1997;29;7;0;2402;1202;1200;475;304;171;818;501;317;1109;397;712
1997;30;7;0;2369;1144;1225;479;298;181;821;476;345;1069;370;699
1997;31;7;0;2352;1105;1247;485;300;185;802;466;336;1065;339;726
1997;32;7;0;2434;1210;1224;504;311;193;850;522;328;1080;377;703
1997;33;7;0;2943;1422;1521;526;340;186;984;605;379;1433;477;956
1997;34;7;0;2809;1353;1456;503;306;197;977;572;405;1329;475;854
1997;35;7;0;2488;1270;1218;431;274;157;883;539;344;1174;457;717
1997;36;7;0;2307;1191;1116;455;302;153;839;511;328;1013;378;635
1997;37;7;0;2402;1191;1211;457;276;181;902;515;387;1043;400;643
1997;38;7;0;2433;1227;1206;491;302;189;905;550;355;1037;375;662
1997;39;7;0;2360;1159;1201;455;279;176;887;499;388;1018;381;637
1997;40;7;0;2386;1200;1186;477;302;175;877;516;361;1032;382;650
1997;41;7;0;2557;1269;1288;500;308;192;873;518;355;1184;443;741
1997;42;7;0;2441;1236;1205;493;310;183;864;526;338;1084;400;684
1997;43;7;0;2549;1253;1296;485;293;192;909;532;377;1155;428;727
1997;44;7;0;2450;1223;1227;445;269;176;900;539;361;1105;415;690
1997;45;7;0;2530;1233;1297;508;318;190;875;507;368;1147;408;739
1997;46;7;0;2408;1191;1217;472;279;193;846;490;356;1090;422;668
1997;47;7;0;2446;1253;1193;522;322;200;894;545;349;1030;386;644
1997;48;7;0;2663;1318;1345;543;348;195;910;541;369;1210;429;781
1997;49;7;0;2538;1250;1288;510;311;199;918;549;369;1110;390;720
1997;50;7;0;2670;1359;1311;494;283;211;950;593;357;1226;483;743
1997;51;7;0;2738;1354;1384;537;348;189;963;544;419;1238;462;776
1997;52;7;0;2595;1216;1379;464;295;169;902;491;411;1229;430;799
1998;2;7;0;2558;1257;1301;432;260;172;804;494;310;1322;503;819
1998;3;7;0;2418;1201;1217;451;284;167;811;474;337;1156;443;713
1998;4;7;0;2530;1250;1280;475;299;176;846;492;354;1209;459;750
1998;5;7;0;2691;1300;1391;447;256;191;918;546;372;1326;498;828
1998;6;7;0;2615;1274;1341;452;290;162;918;526;392;1245;458;787
1998;7;7;0;2695;1345;1350;464;295;169;927;571;356;1304;479;825
1998;8;7;0;2719;1393;1326;477;290;187;951;592;359;1291;511;780
1998;9;7;0;2627;1318;1309;533;329;204;889;526;363;1205;463;742
1998;10;7;0;2812;1449;1363;510;328;182;999;605;394;1303;516;787
1998;11;7;0;2876;1431;1445;523;324;199;992;614;378;1361;493;868
1998;12;7;0;2991;1470;1521;514;311;203;1043;603;440;1434;556;878
1998;13;7;0;2984;1463;1521;513;311;202;1022;593;429;1449;559;890
1998;14;7;0;3107;1531;1576;540;343;197;1061;636;425;1506;552;954
1998;15;7;0;2910;1441;1469;512;292;220;1035;629;406;1363;520;843
1998;16;7;0;2900;1457;1443;519;351;168;1036;624;412;1345;482;863
1998;17;7;0;2768;1393;1375;442;259;183;980;600;380;1346;534;812
1998;18;7;0;2692;1300;1392;497;296;201;908;545;363;1287;459;828
1998;19;7;0;2598;1300;1298;494;296;198;892;542;350;1212;462;750
1998;20;7;0;2826;1365;1461;491;307;184;977;567;410;1358;491;867
1998;21;7;0;2588;1317;1271;475;309;166;884;549;335;1229;459;770
1998;22;7;0;2505;1234;1271;516;308;208;887;512;375;1102;414;688
1998;23;7;0;2368;1209;1159;450;275;175;828;506;322;1090;428;662
1998;24;7;0;2383;1242;1141;487;321;166;840;537;303;1056;384;672
1998;25;7;0;2545;1256;1289;534;341;193;882;517;365;1129;398;731
1998;26;7;0;2456;1191;1265;461;282;179;862;506;356;1133;403;730
1998;27;7;0;2451;1225;1226;476;294;182;882;532;350;1093;399;694
1998;28;7;0;2456;1254;1202;507;313;194;849;528;321;1100;413;687
1998;29;7;0;2408;1234;1174;475;306;169;872;520;352;1061;408;653
1998;30;7;0;2588;1278;1310;496;327;169;889;513;376;1203;438;765
1998;31;7;0;2409;1128;1281;492;285;207;803;478;325;1114;365;749
1998;32;7;0;2450;1199;1251;472;305;167;840;492;348;1138;402;736
1998;33;7;0;2514;1228;1286;515;319;196;826;472;354;1173;437;736
1998;34;7;0;2399;1164;1235;488;289;199;862;512;350;1049;363;686
1998;35;7;0;2343;1197;1146;503;328;175;816;486;330;1024;383;641
1998;36;7;0;2478;1210;1268;513;303;210;853;503;350;1112;404;708
1998;37;7;0;2430;1189;1241;458;294;164;868;501;367;1104;394;710
1998;38;7;0;2496;1233;1263;520;338;182;906;516;390;1070;379;691
1998;39;7;0;2524;1270;1254;502;318;184;902;537;365;1120;415;705
1998;40;7;0;2471;1236;1235;506;308;198;885;563;322;1080;365;715
1998;41;7;0;2484;1195;1289;464;256;208;863;514;349;1157;425;732
1998;42;7;0;2623;1329;1294;506;315;191;935;583;352;1182;431;751
1998;43;7;0;2537;1277;1260;511;330;181;895;524;371;1131;423;708
1998;44;7;0;2453;1249;1204;523;340;183;862;520;342;1068;389;679
1998;45;7;0;2570;1257;1313;492;298;194;915;520;395;1163;439;724
1998;46;7;0;2621;1339;1282;503;316;187;963;569;394;1155;454;701
1998;47;7;0;2697;1365;1332;538;346;192;968;570;398;1191;449;742
1998;48;7;0;2713;1319;1394;523;312;211;984;580;404;1206;427;779
1998;49;7;0;2866;1428;1438;537;342;195;1019;613;406;1310;473;837
1998;50;7;0;3034;1474;1560;557;325;232;1056;633;423;1421;516;905
1998;51;7;0;3058;1476;1582;592;358;234;1040;620;420;1426;498;928
1998;52;7;0;2964;1474;1490;557;347;210;1002;587;415;1405;540;865
1999;1;7;0;3106;1479;1627;537;327;210;965;570;395;1604;582;1022
1999;2;7;0;3005;1453;1552;529;308;221;981;579;402;1495;566;929
1999;3;7;0;2918;1413;1505;527;320;207;949;543;406;1442;550;892
1999;4;7;0;2866;1433;1433;502;301;201;1024;620;404;1340;512;828
1999;5;7;0;2972;1451;1521;523;324;199;988;573;415;1461;554;907
1999;6;7;0;3105;1488;1617;509;307;202;1062;628;434;1534;553;981
1999;7;7;0;3123;1521;1602;507;314;193;1094;623;471;1522;584;938
1999;8;7;0;3134;1531;1603;495;314;181;1016;622;394;1623;595;1028
1999;9;7;0;3241;1625;1616;516;310;206;1113;656;457;1612;659;953
1999;10;7;0;3078;1477;1601;529;322;207;1019;597;422;1530;558;972
1999;11;7;0;2797;1442;1355;511;320;191;949;592;357;1337;530;807
1999;12;7;0;2824;1348;1476;515;308;207;948;553;395;1361;487;874
1999;13;7;0;2713;1346;1367;511;309;202;906;557;349;1296;480;816
1999;14;7;0;2671;1327;1344;460;281;179;930;561;369;1281;485;796
1999;15;7;0;2533;1245;1288;467;284;183;899;540;359;1167;421;746
1999;16;7;0;2646;1330;1316;491;314;177;954;573;381;1201;443;758
1999;17;7;0;2636;1337;1299;514;312;202;926;569;357;1196;456;740
1999;18;7;0;2674;1328;1346;488;296;192;969;585;384;1217;447;770
1999;19;7;0;2507;1223;1284;522;313;209;832;496;336;1153;414;739
1999;20;7;0;2589;1280;1309;530;327;203;881;514;367;1178;439;739
1999;21;7;0;2561;1234;1327;463;262;201;908;531;377;1190;441;749
1999;22;7;0;2534;1243;1291;490;308;182;886;537;349;1158;398;760
1999;23;7;0;2575;1248;1327;522;316;206;900;517;383;1153;415;738
1999;24;7;0;2583;1260;1323;493;315;178;928;539;389;1162;406;756
1999;25;7;0;2462;1260;1202;487;319;168;898;545;353;1077;396;681
1999;26;7;0;2630;1256;1374;552;316;236;911;530;381;1167;410;757
1999;27;7;0;2485;1225;1260;475;278;197;840;506;334;1170;441;729
1999;28;7;0;2611;1281;1330;488;273;215;904;555;349;1219;453;766
1999;29;7;0;2548;1252;1296;464;289;175;879;519;360;1205;444;761
1999;30;7;0;2486;1212;1274;506;330;176;835;487;348;1145;395;750
1999;31;7;0;2753;1297;1456;514;307;207;919;525;394;1320;465;855
1999;32;7;0;2452;1186;1266;509;292;217;824;498;326;1119;396;723
1999;33;7;0;2450;1160;1290;527;310;217;866;525;341;1057;325;732
1999;34;7;0;2571;1258;1313;566;333;233;873;527;346;1132;398;734
1999;35;7;0;2459;1219;1240;486;309;177;871;511;360;1102;399;703
1999;36;7;0;2501;1280;1221;503;327;176;883;530;353;1115;423;692
1999;37;7;0;2527;1232;1295;512;319;193;847;499;348;1168;414;754
1999;38;7;0;2497;1240;1257;496;300;196;880;526;354;1121;414;707
1999;39;7;0;2458;1214;1244;536;336;200;909;498;411;1013;380;633
1999;40;7;0;2335;1172;1163;479;308;171;845;484;361;1011;380;631
1999;41;7;0;2403;1196;1207;479;297;182;873;506;367;1051;393;658
1999;42;7;0;2631;1316;1315;537;314;223;963;566;397;1131;436;695
1999;43;7;0;2663;1293;1370;497;310;187;942;548;394;1224;435;789
1999;44;7;0;2565;1222;1343;518;324;194;924;517;407;1123;381;742
1999;45;7;0;2583;1248;1335;498;276;222;936;579;357;1149;393;756
1999;46;7;0;2571;1277;1294;523;313;210;938;538;400;1110;426;684
1999;47;7;0;2631;1324;1307;523;319;204;924;551;373;1184;454;730
1999;48;7;0;2618;1263;1355;511;318;193;953;550;403;1154;395;759
1999;49;7;0;2791;1383;1408;536;335;201;958;579;379;1297;469;828
1999;50;7;0;2885;1352;1533;554;342;212;1022;570;452;1309;440;869
1999;51;7;0;2974;1462;1512;519;316;203;1064;628;436;1391;518;873
2000;1;7;0;3564;1697;1867;543;335;208;1071;636;435;1950;726;1224
2000;2;7;0;3438;1629;1809;512;319;193;1109;641;468;1817;669;1148
2000;3;7;0;3307;1586;1721;563;342;221;994;579;415;1750;665;1085
2000;4;7;0;3203;1564;1639;555;337;218;1038;632;406;1610;595;1015
2000;5;7;0;2967;1427;1540;496;293;203;971;573;398;1500;561;939
2000;6;7;0;2835;1360;1475;479;293;186;922;530;392;1434;537;897
2000;7;7;0;2773;1353;1420;481;283;198;960;563;397;1332;507;825
2000;8;7;0;2869;1391;1478;521;310;211;924;561;363;1424;520;904
2000;9;7;0;2673;1335;1338;489;303;186;891;522;369;1293;510;783
2000;10;7;0;2690;1314;1376;495;315;180;894;527;367;1301;472;829
2000;11;7;0;2673;1290;1383;496;299;197;887;522;365;1290;469;821
2000;12;7;0;2533;1263;1270;505;311;194;837;506;331;1191;446;745
2000;13;7;0;2554;1268;1286;511;301;210;851;511;340;1192;456;736
2000;14;7;0;2690;1325;1365;505;317;188;879;525;354;1306;483;823
2000;15;7;0;2687;1405;1282;507;343;164;913;542;371;1267;520;747
2000;16;7;0;2705;1310;1395;501;306;195;882;509;373;1322;495;827
2000;17;7;0;2647;1290;1357;488;317;171;902;528;374;1257;445;812
2000;18;7;0;2554;1249;1305;490;305;185;869;510;359;1195;434;761
2000;19;7;0;2744;1308;1436;530;321;209;909;536;373;1305;451;854
2000;20;7;0;2698;1328;1370;488;295;193;888;512;376;1322;521;801
2000;21;7;0;2455;1217;1238;481;286;195;858;521;337;1116;410;706
2000;22;7;0;2513;1235;1278;472;306;166;864;509;355;1177;420;757
2000;23;7;0;2484;1277;1207;484;308;176;845;517;328;1155;452;703
2000;24;7;0;2452;1212;1240;480;287;193;821;507;314;1151;418;733
2000;25;7;0;2969;1385;1584;598;356;242;955;539;416;1416;490;926
2000;26;7;0;2632;1308;1324;522;333;189;888;536;352;1222;439;783
2000;27;7;0;2572;1237;1335;472;283;189;913;546;367;1187;408;779
2000;28;7;0;2469;1230;1239;535;330;205;870;480;390;1064;420;644
2000;29;7;0;2456;1214;1242;493;301;192;836;504;332;1127;409;718
2000;30;7;0;2505;1247;1258;466;286;180;928;564;364;1111;397;714
2000;31;7;0;2532;1208;1324;541;313;228;828;464;364;1163;431;732
2000;32;7;0;2488;1201;1287;510;320;190;825;468;357;1153;413;740
2000;33;7;0;2539;1260;1279;474;287;187;880;551;329;1185;422;763
2000;34;7;0;2416;1177;1239;503;319;184;812;477;335;1101;381;720
2000;35;7;0;2391;1189;1202;511;307;204;836;499;337;1044;383;661
2000;36;7;0;2506;1219;1287;512;307;205;853;506;347;1141;406;735
2000;37;7;0;2517;1215;1302;522;314;208;844;482;362;1151;419;732
2000;38;7;0;2501;1236;1265;533;331;202;884;509;375;1084;396;688
2000;39;7;0;2479;1183;1296;466;272;194;879;504;375;1134;407;727
2000;40;7;0;2578;1262;1316;540;329;211;892;524;368;1146;409;737
2000;41;7;0;2539;1229;1310;505;284;221;916;535;381;1118;410;708
2000;42;7;0;2571;1247;1324;520;306;214;894;526;368;1157;415;742
2000;43;7;0;2734;1386;1348;560;341;219;973;618;355;1201;427;774
2000;44;7;0;2652;1310;1342;528;323;205;944;556;388;1180;431;749
2000;45;7;0;2572;1294;1278;511;307;204;889;547;342;1172;440;732
2000;46;7;0;2644;1343;1301;529;320;209;918;578;340;1197;445;752
2000;47;7;0;2689;1284;1405;527;318;209;920;523;397;1242;443;799
2000;48;7;0;2773;1332;1441;530;317;213;995;582;413;1248;433;815
2000;49;7;0;2618;1294;1324;468;289;179;959;567;392;1191;438;753
2000;50;7;0;2737;1346;1391;515;308;207;978;582;396;1244;456;788
2000;51;7;0;2855;1412;1443;547;334;213;991;593;398;1317;485;832
2000;52;7;0;2929;1421;1508;533;335;198;1011;584;427;1385;502;883
2001;1;7;0;3051;1436;1615;514;303;211;987;581;406;1550;552;998
2001;2;7;0;2852;1354;1498;518;315;203;889;496;393;1445;543;902
2001;3;7;0;2907;1419;1488;525;320;205;896;524;372;1486;575;911
2001;4;7;0;3031;1410;1621;537;317;220;978;570;408;1516;523;993
2001;5;7;0;2928;1394;1534;512;299;213;977;583;394;1439;512;927
2001;6;7;0;2861;1414;1447;486;294;192;964;569;395;1411;551;860
2001;7;7;0;2761;1359;1402;520;331;189;918;528;390;1323;500;823
2001;8;7;0;2685;1263;1422;475;270;205;892;518;374;1318;475;843
2001;9;7;0;2749;1362;1387;507;304;203;928;587;341;1314;471;843
2001;10;7;0;2896;1388;1508;513;309;204;998;566;432;1385;513;872
2001;11;7;0;2812;1381;1431;519;312;207;968;582;386;1325;487;838
2001;12;7;0;2837;1395;1442;541;329;212;888;528;360;1408;538;870
2001;13;7;0;2774;1400;1374;535;332;203;905;561;344;1334;507;827
2001;14;7;0;2794;1383;1411;507;306;201;937;550;387;1350;527;823
2001;15;7;0;2752;1355;1397;481;274;207;905;555;350;1366;526;840
2001;16;7;0;2590;1284;1306;498;305;193;873;514;359;1219;465;754
2001;17;7;0;2712;1374;1338;526;329;197;908;562;346;1278;483;795
2001;18;7;0;2685;1316;1369;495;291;204;915;556;359;1275;469;806
2001;19;7;0;2739;1370;1369;509;322;187;893;547;346;1337;501;836
2001;20;7;0;2759;1358;1401;542;354;188;902;544;358;1315;460;855
2001;21;7;0;2674;1317;1357;511;305;206;901;541;360;1262;471;791
2001;22;7;0;2722;1328;1394;488;285;203;931;572;359;1303;471;832
2001;23;7;0;2581;1259;1322;475;275;200;880;529;351;1226;455;771
2001;24;7;0;2721;1281;1440;509;305;204;914;544;370;1298;432;866
2001;25;7;0;2585;1283;1302;508;305;203;871;525;346;1206;453;753
2001;26;7;0;2683;1326;1357;483;313;170;913;540;373;1287;473;814
2001;27;7;0;2751;1335;1416;466;291;175;909;543;366;1376;501;875
2001;28;7;0;2475;1170;1305;447;277;170;819;468;351;1209;425;784
2001;29;7;0;2405;1129;1276;473;282;191;774;442;332;1158;405;753
2001;30;7;0;2519;1231;1288;519;324;195;848;496;352;1152;411;741
2001;31;7;0;2438;1255;1183;502;310;192;837;519;318;1099;426;673
2001;32;7;0;2450;1160;1290;507;305;202;808;451;357;1135;404;731
2001;33;7;0;2511;1207;1304;520;320;200;801;459;342;1190;428;762
2001;34;7;0;2648;1227;1421;496;281;215;914;535;379;1238;411;827
2001;35;7;0;2441;1146;1295;476;286;190;795;449;346;1170;411;759
2001;36;7;0;2482;1194;1288;534;326;208;806;452;354;1142;416;726
2001;37;7;0;2403;1149;1254;473;292;181;808;460;348;1122;397;725
2001;38;7;0;2577;1239;1338;538;311;227;880;517;363;1159;411;748
2001;39;7;0;2588;1261;1327;555;343;212;879;492;387;1154;426;728
2001;40;7;0;2607;1281;1326;509;314;195;868;495;373;1230;472;758
2001;41;7;0;2567;1276;1291;479;274;205;926;555;371;1162;447;715
2001;42;7;0;2701;1300;1401;534;320;214;969;554;415;1198;426;772
2001;43;7;0;2568;1299;1269;553;352;201;821;484;337;1194;463;731
2001;44;7;0;2519;1221;1298;507;300;207;837;490;347;1175;431;744
2001;45;7;0;2535;1251;1284;474;293;181;862;494;368;1199;464;735
2001;46;7;0;2674;1329;1345;520;321;199;928;546;382;1226;462;764
2001;47;7;0;2749;1353;1396;549;328;221;963;572;391;1237;453;784
2001;48;7;0;2757;1339;1418;544;346;198;980;569;411;1233;424;809
2001;49;7;0;2768;1383;1385;537;338;199;976;572;404;1255;473;782
2001;50;7;0;2797;1365;1432;551;339;212;968;569;399;1278;457;821
2001;51;7;0;2982;1385;1597;563;327;236;1063;589;474;1356;469;887
2001;52;7;0;2900;1431;1469;532;329;203;944;546;398;1424;556;868
2002;2;7;0;3145;1465;1680;531;326;205;1001;569;432;1613;570;1043
2002;3;7;0;3032;1436;1596;499;284;215;989;541;448;1544;611;933
2002;4;7;0;3079;1491;1588;554;336;218;944;571;373;1581;584;997
2002;5;7;0;2938;1431;1507;524;306;218;913;549;364;1501;576;925
2002;6;7;0;2859;1369;1490;520;287;233;912;561;351;1427;521;906
2002;7;7;0;2778;1340;1438;505;291;214;884;529;355;1389;520;869
2002;8;7;0;2957;1434;1523;523;302;221;930;575;355;1504;557;947
2002;9;7;0;3231;1532;1699;533;310;223;1112;655;457;1586;567;1019
2002;10;7;0;3015;1389;1626;500;287;213;999;559;440;1516;543;973
2002;11;7;0;3088;1496;1592;532;327;205;956;563;393;1600;606;994
2002;12;7;0;2938;1419;1519;555;326;229;917;535;382;1466;558;908
2002;13;7;0;2903;1427;1476;514;315;199;951;560;391;1438;552;886
2002;14;7;0;2795;1367;1428;466;281;185;910;565;345;1419;521;898
2002;15;7;0;2874;1403;1471;557;334;223;972;581;391;1345;488;857
2002;16;7;0;2778;1348;1430;507;310;197;900;545;355;1371;493;878
2002;17;7;0;2780;1392;1388;504;305;199;931;552;379;1345;535;810
2002;18;7;0;2638;1324;1314;511;315;196;862;526;336;1265;483;782
2002;19;7;0;2590;1271;1319;493;310;183;841;488;353;1256;473;783
2002;20;7;0;2620;1303;1317;494;312;182;897;534;363;1229;457;772
2002;21;7;0;2555;1234;1321;481;296;185;866;500;366;1208;438;770
2002;22;7;0;2641;1240;1401;492;312;180;879;521;358;1270;407;863
2002;23;7;0;2658;1327;1331;505;335;170;849;493;356;1304;499;805
2002;24;7;0;2525;1235;1290;469;280;189;883;510;373;1173;445;728
2002;25;7;0;2665;1358;1307;527;323;204;871;529;342;1267;506;761
2002;26;7;0;2556;1227;1329;551;320;231;824;476;348;1181;431;750
2002;27;7;0;2568;1277;1291;498;303;195;873;519;354;1197;455;742
2002;28;7;0;2548;1248;1300;504;306;198;867;524;343;1177;418;759
2002;29;7;0;2500;1231;1269;510;304;206;797;483;314;1193;444;749
2002;30;7;0;2612;1256;1356;513;314;199;855;484;371;1244;458;786
2002;31;7;0;2792;1338;1454;494;321;173;879;504;375;1419;513;906
2002;32;7;0;2461;1212;1249;474;295;179;807;498;309;1180;419;761
2002;33;7;0;2497;1174;1323;530;313;217;762;449;313;1205;412;793
2002;34;7;0;2624;1224;1400;486;282;204;882;499;383;1256;443;813
2002;35;7;0;2362;1152;1210;504;289;215;761;442;319;1097;421;676
2002;36;7;0;2469;1168;1301;495;309;186;832;456;376;1142;403;739
2002;37;7;0;2456;1182;1274;517;312;205;824;480;344;1115;390;725
2002;38;7;0;2372;1137;1235;487;276;211;800;491;309;1085;370;715
2002;39;7;0;2434;1204;1230;487;297;190;839;496;343;1108;411;697
2002;40;7;0;2557;1291;1266;544;333;211;840;505;335;1173;453;720
2002;41;7;0;2518;1276;1242;498;281;217;867;534;333;1153;461;692
2002;42;7;0;2606;1228;1378;490;288;202;878;498;380;1238;442;796
2002;43;7;0;2712;1323;1389;555;342;213;900;498;402;1257;483;774
2002;44;7;0;2681;1254;1427;532;313;219;914;512;402;1235;429;806
2002;45;7;0;2666;1283;1383;537;336;201;883;504;379;1246;443;803
2002;46;7;0;2637;1303;1334;535;324;211;897;526;371;1205;453;752
2002;47;7;0;2720;1312;1408;551;325;226;915;518;397;1254;469;785
2002;48;7;0;2696;1300;1396;552;307;245;888;537;351;1256;456;800
2002;49;7;0;2676;1346;1330;492;309;183;935;566;369;1249;471;778
2002;50;7;0;3011;1467;1544;575;342;233;990;582;408;1446;543;903
2002;51;7;0;3023;1416;1607;550;314;236;984;572;412;1489;530;959
2002;52;7;0;3127;1497;1630;545;309;236;1051;613;438;1531;575;956
2003;2;7;0;2987;1441;1546;531;311;220;928;556;372;1528;574;954
2003;3;7;0;2981;1439;1542;508;322;186;875;509;366;1598;608;990
2003;4;7;0;2963;1398;1565;532;326;206;905;523;382;1526;549;977
2003;5;7;0;2821;1356;1465;477;298;179;902;527;375;1442;531;911
2003;6;7;0;2745;1373;1372;470;266;204;924;576;348;1351;531;820
2003;7;7;0;2736;1319;1417;477;283;194;951;560;391;1308;476;832
2003;8;7;0;2923;1454;1469;510;325;185;933;552;381;1480;577;903
2003;9;7;0;3021;1468;1553;539;336;203;945;542;403;1537;590;947
2003;10;7;0;2991;1465;1526;509;318;191;970;567;403;1512;580;932
2003;11;7;0;2983;1454;1529;549;323;226;935;546;389;1499;585;914
2003;12;7;0;2898;1417;1481;506;299;207;878;511;367;1514;607;907
2003;13;7;0;2914;1422;1492;531;323;208;935;541;394;1448;558;890
2003;14;7;0;2948;1435;1513;552;324;228;940;555;385;1456;556;900
2003;15;7;0;2730;1348;1382;485;278;207;894;534;360;1351;536;815
2003;16;7;0;2924;1450;1474;549;319;230;882;533;349;1493;598;895
2003;17;7;0;2844;1419;1425;560;350;210;886;529;357;1398;540;858
2003;18;7;0;2577;1246;1331;493;302;191;795;457;338;1289;487;802
2003;19;7;0;2554;1211;1343;496;294;202;789;447;342;1269;470;799
2003;20;7;0;2560;1244;1316;462;263;199;801;479;322;1297;502;795
2003;21;7;0;2590;1244;1346;500;289;211;854;491;363;1236;464;772
2003;22;7;0;2610;1252;1358;496;304;192;811;457;354;1303;491;812
2003;23;7;0;2853;1399;1454;551;338;213;881;512;369;1421;549;872
2003;24;7;0;2487;1211;1276;461;291;170;799;488;311;1227;432;795
2003;25;7;0;2464;1193;1271;499;303;196;813;467;346;1152;423;729
2003;26;7;0;2541;1238;1303;551;339;212;767;454;313;1223;445;778
2003;27;7;0;2392;1180;1212;470;284;186;799;492;307;1123;404;719
2003;28;7;0;2436;1200;1236;494;292;202;785;465;320;1157;443;714
2003;29;7;0;2721;1330;1391;509;322;187;902;538;364;1310;470;840
2003;30;7;0;2553;1187;1366;485;282;203;813;474;339;1255;431;824
2003;31;7;0;2556;1248;1308;496;307;189;844;504;340;1216;437;779
2003;32;7;0;2773;1315;1458;518;327;191;859;516;343;1396;472;924
2003;33;7;0;2866;1339;1527;537;319;218;917;521;396;1412;499;913
2003;34;7;0;2496;1167;1329;483;285;198;788;435;353;1225;447;778
2003;35;7;0;2398;1194;1204;494;314;180;790;473;317;1114;407;707
2003;36;7;0;2487;1209;1278;507;295;212;831;484;347;1149;430;719
2003;37;7;0;2457;1200;1257;530;313;217;801;452;349;1126;435;691
2003;38;7;0;2661;1312;1349;551;319;232;850;508;342;1260;485;775
2003;39;7;0;2631;1324;1307;535;333;202;890;547;343;1206;444;762
2003;40;7;0;2531;1283;1248;542;322;220;787;502;285;1202;459;743
2003;41;7;0;2484;1208;1276;518;308;210;812;475;337;1154;425;729
2003;42;7;0;2586;1273;1313;508;302;206;867;499;368;1211;472;739
2003;43;7;0;2599;1270;1329;525;313;212;844;500;344;1230;457;773
2003;44;7;0;2743;1322;1421;506;307;199;863;522;341;1374;493;881
2003;45;7;0;2636;1256;1380;484;290;194;891;501;390;1261;465;796
2003;46;7;0;2581;1284;1297;503;295;208;871;508;363;1207;481;726
2003;47;7;0;2639;1286;1353;520;313;207;868;510;358;1251;463;788
2003;48;7;0;2643;1289;1354;506;327;179;835;491;344;1302;471;831
2003;49;7;0;2636;1285;1351;524;311;213;877;514;363;1235;460;775
2003;50;7;0;2898;1437;1461;580;338;242;950;574;376;1368;525;843
2003;51;7;0;3112;1483;1629;561;314;247;1016;592;424;1535;577;958
2003;52;7;0;3201;1496;1705;535;313;222;1024;583;441;1642;600;1042
2004;2;7;0;3333;1605;1728;508;293;215;1007;593;414;1818;719;1099
2004;3;7;0;3055;1475;1580;508;303;205;918;556;362;1629;616;1013
2004;4;7;0;2921;1336;1585;548;308;240;869;489;380;1504;539;965
2004;5;7;0;2907;1384;1523;496;300;196;916;547;369;1495;537;958
2004;6;7;0;2751;1310;1441;541;324;217;786;446;340;1424;540;884
2004;7;7;0;2692;1375;1317;492;310;182;794;501;293;1406;564;842
2004;8;7;0;2746;1380;1366;521;310;211;849;514;335;1376;556;820
2004;9;7;0;2722;1317;1405;473;273;200;889;550;339;1360;494;866
2004;10;7;0;2720;1355;1365;489;311;178;867;527;340;1364;517;847
2004;11;7;0;2649;1291;1358;475;281;194;825;506;319;1349;504;845
2004;12;7;0;2740;1372;1368;467;287;180;887;547;340;1386;538;848
2004;13;7;0;2639;1336;1303;506;326;180;832;513;319;1301;497;804
2004;14;7;0;2743;1337;1406;502;294;208;875;522;353;1366;521;845
2004;15;7;0;2560;1242;1318;481;270;211;792;471;321;1287;501;786
2004;16;7;0;2648;1270;1378;521;321;200;826;487;339;1301;462;839
2004;17;7;0;2541;1246;1295;485;302;183;803;492;311;1253;452;801
2004;18;7;0;2548;1193;1355;473;285;188;831;474;357;1244;434;810
2004;19;7;0;2455;1207;1248;471;287;184;798;452;346;1186;468;718
2004;20;7;0;2563;1258;1305;475;302;173;826;492;334;1262;464;798
2004;21;7;0;2500;1237;1263;504;303;201;802;488;314;1194;446;748
2004;22;7;0;2509;1189;1320;503;284;219;817;489;328;1189;416;773
2004;23;7;0;2485;1196;1289;466;278;188;782;453;329;1237;465;772
2004;24;7;0;2680;1321;1359;503;304;199;893;530;363;1284;487;797
2004;25;7;0;2403;1155;1248;433;258;175;785;473;312;1185;424;761
2004;26;7;0;2442;1148;1294;500;291;209;800;480;320;1142;377;765
2004;27;7;0;2454;1210;1244;478;280;198;811;476;335;1165;454;711
2004;28;7;0;2493;1187;1306;498;305;193;799;470;329;1196;412;784
2004;29;7;0;2399;1167;1232;491;310;181;769;430;339;1139;427;712
2004;30;7;0;2372;1143;1229;478;285;193;750;420;330;1144;438;706
2004;31;7;0;2449;1223;1226;508;308;200;818;476;342;1123;439;684
2004;32;7;0;2642;1255;1387;530;321;209;825;469;356;1287;465;822
2004;33;7;0;2679;1302;1377;491;296;195;799;472;327;1389;534;855
2004;34;7;0;2414;1132;1282;473;273;200;748;436;312;1193;423;770
2004;35;7;0;2429;1223;1206;515;310;205;753;445;308;1161;468;693
2004;36;7;0;2414;1157;1257;476;283;193;785;477;308;1153;397;756
2004;37;7;0;2459;1235;1224;513;307;206;798;482;316;1148;446;702
2004;38;7;0;2405;1154;1251;483;276;207;769;440;329;1153;438;715
2004;39;7;0;2434;1172;1262;526;291;235;781;462;319;1127;419;708
2004;40;7;0;2558;1282;1276;513;322;191;840;505;335;1205;455;750
2004;41;7;0;2438;1196;1242;481;302;179;762;455;307;1195;439;756
2004;42;7;0;2497;1218;1279;505;308;197;820;477;343;1172;433;739
2004;43;7;0;2529;1254;1275;516;311;205;802;488;314;1211;455;756
2004;44;7;0;2578;1251;1327;517;327;190;847;484;363;1214;440;774
2004;45;7;0;2517;1217;1300;493;284;209;816;483;333;1208;450;758
2004;46;7;0;2537;1237;1300;518;324;194;830;464;366;1189;449;740
2004;47;7;0;2575;1293;1282;520;317;203;860;498;362;1195;478;717
2004;48;7;0;2567;1253;1314;506;294;212;841;503;338;1220;456;764
2004;49;7;0;2619;1256;1363;484;288;196;842;509;333;1293;459;834
2004;50;7;0;2607;1256;1351;522;311;211;837;488;349;1248;457;791
2004;51;7;0;2734;1308;1426;533;321;212;847;509;338;1354;478;876
2004;52;7;0;2836;1343;1493;516;287;229;923;526;397;1397;530;867
2005;1;7;0;2871;1401;1470;462;276;186;876;532;344;1533;593;940
2005;2;7;0;2808;1356;1452;477;289;188;870;529;341;1461;538;923
2005;3;7;0;2845;1389;1456;510;297;213;868;538;330;1467;554;913
2005;4;7;0;2813;1392;1421;474;292;182;853;514;339;1486;586;900
2005;5;7;0;2906;1422;1484;550;338;212;894;527;367;1462;557;905
2005;6;7;0;3001;1490;1511;519;313;206;953;563;390;1529;614;915
2005;7;7;0;3094;1548;1546;537;323;214;949;549;400;1608;676;932
2005;8;7;0;3197;1539;1658;533;316;217;908;546;362;1756;677;1079
2005;9;7;0;3351;1615;1736;526;305;221;994;618;376;1831;692;1139
2005;10;7;0;3277;1555;1722;527;302;225;919;559;360;1831;694;1137
2005;11;7;0;3089;1416;1673;487;272;215;922;520;402;1680;624;1056
2005;12;7;0;2961;1425;1536;495;316;179;866;526;340;1600;583;1017
2005;13;7;0;2765;1321;1444;517;308;209;839;503;336;1409;510;899
2005;14;7;0;2670;1304;1366;471;287;184;807;469;338;1392;548;844
2005;15;7;0;2615;1326;1289;492;273;219;787;495;292;1336;558;778
2005;16;7;0;2566;1275;1291;501;291;210;777;482;295;1288;502;786
2005;17;7;0;2530;1256;1274;446;258;188;775;458;317;1309;540;769
2005;18;7;0;2564;1252;1312;491;297;194;766;454;312;1307;501;806
2005;19;7;0;2572;1236;1336;476;267;209;877;522;355;1219;447;772
2005;20;7;0;2574;1267;1307;469;299;170;818;503;315;1287;465;822
2005;21;7;0;2662;1259;1403;492;290;202;856;490;366;1314;479;835
2005;22;7;0;2460;1173;1287;469;273;196;777;454;323;1214;446;768
2005;23;7;0;2377;1209;1168;480;286;194;746;464;282;1151;459;692
2005;24;7;0;2539;1270;1269;496;308;188;850;502;348;1193;460;733
2005;25;7;0;2782;1368;1414;507;316;191;873;507;366;1402;545;857
2005;26;7;0;2509;1208;1301;459;284;175;813;481;332;1237;443;794
2005;27;7;0;2302;1125;1177;481;294;187;721;415;306;1100;416;684
2005;28;7;0;2382;1135;1247;465;270;195;756;439;317;1161;426;735
2005;29;7;0;2326;1068;1258;443;240;203;733;422;311;1150;406;744
2005;30;7;0;2318;1113;1205;456;257;199;772;424;348;1090;432;658
2005;31;7;0;2314;1173;1141;479;286;193;787;489;298;1048;398;650
2005;32;7;0;2244;1074;1170;437;252;185;749;427;322;1058;395;663
2005;33;7;0;2394;1185;1209;495;304;191;771;456;315;1128;425;703
2005;34;7;0;2361;1137;1224;496;285;211;753;434;319;1112;418;694
2005;35;7;0;2423;1216;1207;539;320;219;754;461;293;1130;435;695
2005;36;7;0;2392;1154;1238;467;288;179;744;429;315;1181;437;744
2005;37;7;0;2323;1174;1149;437;266;171;800;479;321;1086;429;657
2005;38;7;0;2219;1065;1154;461;274;187;704;400;304;1054;391;663
2005;39;7;0;2342;1179;1163;451;276;175;767;466;301;1124;437;687
2005;40;7;0;2397;1138;1259;445;267;178;795;451;344;1157;420;737
2005;41;7;0;2416;1159;1257;460;254;206;770;452;318;1186;453;733
2005;42;7;0;2524;1226;1298;494;294;200;813;482;331;1217;450;767
2005;43;7;0;2499;1235;1264;464;274;190;845;511;334;1190;450;740
2005;44;7;0;2322;1141;1181;471;266;205;774;469;305;1077;406;671
2005;45;7;0;2417;1222;1195;450;263;187;782;482;300;1185;477;708
2005;46;7;0;2489;1186;1303;469;278;191;827;468;359;1193;440;753
2005;47;7;0;2692;1286;1406;564;314;250;828;508;320;1300;464;836
2005;48;7;0;2669;1283;1386;482;277;205;874;508;366;1313;498;815
2005;49;7;0;2705;1292;1413;493;274;219;859;521;338;1353;497;856
2005;50;7;0;2714;1307;1407;517;302;215;864;497;367;1333;508;825
2005;51;7;0;2676;1261;1415;474;261;213;858;495;363;1344;505;839
2006;1;7;0;2746;1299;1447;472;280;192;814;467;347;1460;552;908
2006;2;7;0;2834;1339;1495;507;290;217;811;474;337;1516;575;941
2006;3;7;0;2770;1371;1399;487;275;212;846;518;328;1437;578;859
2006;4;7;0;2747;1350;1397;479;295;184;802;513;289;1466;542;924
2006;5;7;0;2838;1352;1486;521;305;216;815;469;346;1502;578;924
2006;6;7;0;2819;1330;1489;489;268;221;866;530;336;1464;532;932
2006;7;7;0;2841;1359;1482;488;299;189;814;474;340;1539;586;953
2006;8;7;0;2856;1327;1529;519;296;223;861;488;373;1476;543;933
2006;9;7;0;2880;1400;1480;501;299;202;864;492;372;1515;609;906
2006;10;7;0;2920;1411;1509;498;294;204;819;481;338;1603;636;967
2006;11;7;0;2762;1322;1440;455;266;189;853;506;347;1454;550;904
2006;12;7;0;2920;1412;1508;503;296;207;860;538;322;1557;578;979
2006;13;7;0;2867;1335;1532;486;272;214;830;469;361;1551;594;957
2006;14;7;0;2646;1267;1379;446;271;175;831;481;350;1369;515;854
2006;15;7;0;2743;1361;1382;463;283;180;834;523;311;1446;555;891
2006;16;7;0;2684;1318;1366;514;317;197;834;490;344;1336;511;825
2006;17;7;0;2576;1235;1341;492;284;208;778;447;331;1306;504;802
2006;18;7;0;2559;1230;1329;454;272;182;806;482;324;1299;476;823
2006;19;7;0;2591;1234;1357;487;296;191;818;447;371;1286;491;795
2006;20;7;0;2450;1178;1272;467;282;185;721;405;316;1262;491;771
2006;21;7;0;2349;1130;1219;440;263;177;730;441;289;1179;426;753
2006;22;7;0;2404;1162;1242;455;250;205;767;464;303;1182;448;734
2006;23;7;0;2511;1268;1243;492;286;206;748;462;286;1271;520;751
2006;24;7;0;2682;1297;1385;499;312;187;798;466;332;1385;519;866
2006;25;7;0;2526;1224;1302;461;276;185;797;470;327;1268;478;790
2006;26;7;0;2390;1135;1255;474;289;185;750;420;330;1166;426;740
2006;27;7;0;2722;1277;1445;501;276;225;822;490;332;1399;511;888
2006;28;7;0;2508;1219;1289;493;280;213;778;475;303;1237;464;773
2006;29;7;0;2829;1284;1545;495;282;213;796;477;319;1538;525;1013
2006;30;7;0;3046;1366;1680;487;306;181;889;519;370;1670;541;1129
2006;31;7;0;2352;1116;1236;419;240;179;687;413;274;1246;463;783
2006;32;7;0;2332;1138;1194;443;268;175;753;444;309;1136;426;710
2006;33;7;0;2342;1131;1211;477;285;192;706;420;286;1159;426;733
2006;34;7;0;2396;1225;1171;491;306;185;782;479;303;1123;440;683
2006;35;7;0;2375;1154;1221;450;253;197;767;459;308;1158;442;716
2006;36;7;0;2379;1136;1243;458;274;184;775;447;328;1146;415;731
2006;37;7;0;2633;1258;1375;498;318;180;826;490;336;1309;450;859
2006;38;7;0;2382;1149;1233;448;262;186;741;436;305;1193;451;742
2006;39;7;0;2292;1108;1184;459;273;186;701;409;292;1132;426;706
2006;40;7;0;2278;1107;1171;471;271;200;731;410;321;1076;426;650
2006;41;7;0;2301;1138;1163;469;290;179;734;442;292;1098;406;692
2006;42;7;0;2394;1166;1228;459;279;180;792;466;326;1143;421;722
2006;43;7;0;2407;1162;1245;486;287;199;768;460;308;1153;415;738
2006;44;7;0;2370;1169;1201;458;264;194;742;454;288;1170;451;719
2006;45;7;0;2555;1285;1270;466;292;174;865;522;343;1224;471;753
2006;46;7;0;2559;1236;1323;488;295;193;796;459;337;1275;482;793
2006;47;7;0;2550;1249;1301;516;318;198;800;488;312;1234;443;791
2006;48;7;0;2592;1281;1311;486;290;196;844;502;342;1262;489;773
2006;49;7;0;2542;1228;1314;477;269;208;832;497;335;1233;462;771
2006;50;7;0;2564;1239;1325;511;293;218;833;476;357;1220;470;750
2006;51;7;0;2726;1315;1411;504;286;218;843;483;360;1379;546;833
2006;52;7;0;2683;1330;1353;462;274;188;842;495;347;1379;561;818
2007;1;7;0;2802;1338;1464;496;292;204;819;473;346;1487;573;914
2007;2;7;0;2837;1384;1453;482;285;197;869;523;346;1486;576;910
2007;3;7;0;2694;1310;1384;487;289;198;796;468;328;1411;553;858
2007;4;7;0;2680;1316;1364;496;288;208;796;491;305;1388;537;851
2007;5;7;0;2717;1374;1343;471;285;186;796;504;292;1450;585;865
2007;6;7;0;2718;1377;1341;475;286;189;833;506;327;1410;585;825
2007;7;7;0;2716;1314;1402;481;276;205;829;509;320;1406;529;877
2007;8;7;0;2706;1304;1402;458;288;170;794;466;328;1454;550;904
2007;9;7;0;2829;1407;1422;465;260;205;890;545;345;1474;602;872
2007;10;7;0;2828;1392;1436;457;292;165;855;501;354;1516;599;917
2007;11;7;0;2650;1297;1353;475;286;189;768;454;314;1407;557;850
2007;12;7;0;2642;1292;1350;453;260;193;806;482;324;1383;550;833
2007;13;7;0;2662;1281;1381;462;266;196;815;473;342;1385;542;843
2007;14;7;0;2528;1201;1327;468;266;202;745;446;299;1315;489;826
2007;15;7;0;2615;1260;1355;455;267;188;864;509;355;1296;484;812
2007;16;7;0;2547;1263;1284;469;301;168;747;448;299;1331;514;817
2007;17;7;0;2619;1327;1292;477;286;191;805;511;294;1337;530;807
2007;18;7;0;2493;1172;1321;462;290;172;715;398;317;1316;484;832
2007;19;7;0;2494;1231;1263;411;244;167;783;476;307;1300;511;789
2007;20;7;0;2360;1203;1157;465;289;176;724;449;275;1171;465;706
2007;21;7;0;2442;1203;1239;476;284;192;761;453;308;1205;466;739
2007;22;7;0;2381;1148;1233;470;293;177;709;418;291;1202;437;765
2007;23;7;0;2577;1258;1319;456;262;194;807;473;334;1314;523;791
2007;24;7;0;2422;1163;1259;441;257;184;744;464;280;1237;442;795
2007;25;7;0;2392;1156;1236;456;268;188;735;447;288;1201;441;760
2007;26;7;0;2366;1145;1221;464;267;197;732;419;313;1170;459;711
2007;27;7;0;2434;1169;1265;446;235;211;817;483;334;1171;451;720
2007;28;7;0;2412;1107;1305;436;245;191;737;433;304;1239;429;810
2007;29;7;0;2288;1129;1159;425;250;175;700;430;270;1163;449;714
2007;30;7;0;2354;1153;1201;477;271;206;757;464;293;1120;418;702
2007;31;7;0;2367;1168;1199;429;257;172;740;454;286;1198;457;741
2007;32;7;0;2464;1204;1260;461;285;176;761;467;294;1242;452;790
2007;33;7;0;2288;1111;1177;447;260;187;708;426;282;1133;425;708
2007;34;7;0;2371;1149;1222;484;296;188;712;422;290;1175;431;744
2007;35;7;0;2228;1060;1168;460;266;194;687;401;286;1081;393;688
2007;36;7;0;2323;1126;1197;480;284;196;697;409;288;1146;433;713
2007;37;7;0;2369;1185;1184;451;271;180;745;446;299;1173;468;705
2007;38;7;0;2276;1126;1150;455;282;173;733;447;286;1088;397;691
2007;39;7;0;2316;1128;1188;451;252;199;701;414;287;1164;462;702
2007;40;7;0;2378;1142;1236;437;252;185;761;453;308;1180;437;743
2007;41;7;0;2488;1237;1251;466;276;190;823;487;336;1199;474;725
2007;42;7;0;2531;1197;1334;462;272;190;840;488;352;1229;437;792
2007;43;7;0;2508;1190;1318;466;273;193;765;444;321;1277;473;804
2007;44;7;0;2599;1293;1306;470;277;193;807;461;346;1322;555;767
2007;45;7;0;2567;1222;1345;497;282;215;806;453;353;1264;487;777
2007;46;7;0;2587;1257;1330;516;308;208;781;468;313;1290;481;809
2007;47;7;0;2663;1283;1380;483;266;217;841;472;369;1339;545;794
2007;48;7;0;2804;1384;1420;501;296;205;891;523;368;1412;565;847
2007;49;7;0;2748;1338;1410;503;291;212;799;478;321;1446;569;877
2007;50;7;0;2722;1308;1414;491;286;205;826;479;347;1405;543;862
2007;51;7;0;2839;1359;1480;534;304;230;862;505;357;1443;550;893
2007;52;7;0;2964;1444;1520;522;304;218;873;514;359;1569;626;943
2008;2;7;0;3045;1430;1615;523;291;232;820;456;364;1702;683;1019
2008;3;7;0;2928;1400;1528;493;285;208;802;459;343;1633;656;977
2008;4;7;0;2773;1347;1426;524;295;229;802;489;313;1447;563;884
2008;5;7;0;2733;1307;1426;477;299;178;758;454;304;1498;554;944
2008;6;7;0;2676;1341;1335;475;295;180;750;466;284;1451;580;871
2008;7;7;0;2703;1274;1429;476;275;201;811;481;330;1416;518;898
2008;8;7;0;2821;1339;1482;494;273;221;804;475;329;1523;591;932
2008;9;7;0;2775;1334;1441;462;271;191;772;464;308;1541;599;942
2008;10;7;0;2840;1433;1407;498;296;202;779;493;286;1563;644;919
2008;11;7;0;2718;1312;1406;499;308;191;759;458;301;1460;546;914
2008;12;7;0;2664;1285;1379;478;258;220;801;485;316;1385;542;843
2008;13;7;0;2700;1274;1426;458;272;186;771;439;332;1471;563;908
2008;14;7;0;2712;1271;1441;473;288;185;766;431;335;1473;552;921
2008;15;7;0;2643;1273;1370;446;278;168;793;463;330;1404;532;872
2008;16;7;0;2675;1263;1412;472;277;195;784;456;328;1419;530;889
2008;17;7;0;2585;1230;1355;455;267;188;723;441;282;1407;522;885
2008;18;7;0;2566;1202;1364;468;274;194;770;457;313;1328;471;857
2008;19;7;0;2718;1319;1399;493;306;187;796;488;308;1429;525;904
2008;20;7;0;2555;1207;1348;447;263;184;754;449;305;1354;495;859
2008;21;7;0;2544;1234;1310;464;283;181;722;431;291;1358;520;838
2008;22;7;0;2457;1194;1263;457;268;189;734;453;281;1266;473;793
2008;23;7;0;2394;1161;1233;455;271;184;713;423;290;1226;467;759
2008;24;7;0;2462;1196;1266;468;264;204;717;439;278;1277;493;784
2008;25;7;0;2391;1161;1230;463;250;213;718;434;284;1210;477;733
2008;26;7;0;2514;1223;1291;484;291;193;760;448;312;1270;484;786
2008;27;7;0;2507;1174;1333;429;249;180;793;455;338;1285;470;815
2008;28;7;0;2348;1094;1254;428;232;196;713;408;305;1207;454;753
2008;29;7;0;2413;1168;1245;485;295;190;709;405;304;1219;468;751
2008;30;7;0;2368;1111;1257;431;250;181;725;424;301;1212;437;775
2008;31;7;0;2572;1229;1343;487;280;207;776;478;298;1309;471;838
2008;32;7;0;2419;1171;1248;490;303;187;690;412;278;1239;456;783
2008;33;7;0;2312;1117;1195;472;278;194;698;406;292;1142;433;709
2008;34;7;0;2351;1113;1238;498;283;215;710;410;300;1143;420;723
2008;35;7;0;2320;1133;1187;396;241;155;749;438;311;1175;454;721
2008;36;7;0;2349;1112;1237;421;236;185;743;427;316;1185;449;736
2008;37;7;0;2350;1183;1167;465;275;190;768;472;296;1117;436;681
2008;38;7;0;2415;1178;1237;483;273;210;725;428;297;1207;477;730
2008;39;7;0;2363;1128;1235;452;280;172;743;426;317;1168;422;746
2008;40;7;0;2555;1194;1361;465;264;201;825;483;342;1265;447;818
2008;41;7;0;2383;1181;1202;471;293;178;732;428;304;1180;460;720
2008;42;7;0;2409;1162;1247;495;280;215;723;427;296;1191;455;736
2008;43;7;0;2460;1235;1225;469;291;178;740;437;303;1251;507;744
2008;44;7;0;2601;1261;1340;475;262;213;817;493;324;1309;506;803
2008;45;7;0;2504;1191;1313;470;273;197;784;444;340;1250;474;776
2008;46;7;0;2517;1215;1302;477;270;207;766;445;321;1274;500;774
2008;47;7;0;2507;1212;1295;491;285;206;761;458;303;1255;469;786
2008;48;7;0;2622;1294;1328;541;325;216;827;492;335;1254;477;777
2008;49;7;0;2693;1215;1478;462;269;193;811;450;361;1420;496;924
2008;50;7;0;2781;1322;1459;498;286;212;842;496;346;1441;540;901
2008;51;7;0;2812;1365;1447;508;285;223;862;531;331;1442;549;893
2008;52;7;0;2815;1276;1539;505;285;220;906;519;387;1404;472;932
2009;2;7;0;3215;1561;1654;516;298;218;935;568;367;1764;695;1069
2009;3;7;0;3408;1648;1760;533;325;208;956;579;377;1919;744;1175
2009;4;7;0;3218;1540;1678;484;285;199;904;526;378;1830;729;1101
2009;5;7;0;3161;1478;1683;516;317;199;857;492;365;1788;669;1119
2009;6;7;0;3165;1477;1688;487;276;211;877;521;356;1801;680;1121
2009;7;7;0;2877;1351;1526;448;270;178;858;479;379;1571;602;969
2009;8;7;0;2854;1333;1521;476;265;211;791;466;325;1587;602;985
2009;9;7;0;2713;1297;1416;459;273;186;795;483;312;1459;541;918
2009;10;7;0;2599;1284;1315;428;246;182;767;466;301;1404;572;832
2009;11;7;0;2621;1257;1364;469;276;193;731;432;299;1421;549;872
2009;12;7;0;2619;1295;1324;486;295;191;781;461;320;1352;539;813
2009;13;7;0;2575;1300;1275;475;280;195;728;470;258;1372;550;822
2009;14;7;0;2639;1277;1362;485;282;203;794;499;295;1360;496;864
2009;15;7;0;2621;1275;1346;439;257;182;773;482;291;1409;536;873
2009;16;7;0;2617;1269;1348;483;281;202;751;444;307;1383;544;839
2009;17;7;0;2429;1154;1275;422;239;183;707;415;292;1300;500;800
2009;18;7;0;2369;1133;1236;424;261;163;688;417;271;1257;455;802
2009;19;7;0;2371;1166;1205;447;256;191;690;431;259;1234;479;755
2009;20;7;0;2450;1214;1236;438;246;192;738;451;287;1274;517;757
2009;21;7;0;2421;1166;1255;432;251;181;729;439;290;1260;476;784
2009;22;7;0;2434;1223;1211;454;274;180;758;469;289;1222;480;742
2009;23;7;0;2391;1150;1241;442;260;182;701;415;286;1248;475;773
2009;24;7;0;2446;1168;1278;443;270;173;762;435;327;1241;463;778
2009;25;7;0;2372;1173;1199;476;274;202;718;461;257;1178;438;740
2009;26;7;0;2331;1127;1204;459;274;185;695;410;285;1177;443;734
2009;27;7;0;2494;1234;1260;472;285;187;734;434;300;1288;515;773
2009;28;7;0;2378;1141;1237;470;279;191;690;405;285;1218;457;761
2009;29;7;0;2437;1159;1278;496;285;211;716;421;295;1225;453;772
2009;30;7;0;2302;1097;1205;461;272;189;674;376;298;1167;449;718
2009;31;7;0;2356;1155;1201;466;273;193;722;457;265;1168;425;743
2009;32;7;0;2348;1144;1204;444;267;177;723;429;294;1181;448;733
2009;33;7;0;2247;1080;1167;455;256;199;680;404;276;1112;420;692
2009;34;7;0;2346;1174;1172;445;266;179;698;436;262;1203;472;731
2009;35;7;0;2303;1145;1158;483;285;198;681;415;266;1139;445;694
2009;36;7;0;2300;1099;1201;454;259;195;691;410;281;1155;430;725
2009;37;7;0;2426;1193;1233;440;244;196;778;473;305;1208;476;732
2009;38;7;0;2390;1133;1257;472;276;196;742;442;300;1176;415;761
2009;39;7;0;2404;1173;1231;468;282;186;756;443;313;1180;448;732
2009;40;7;0;2393;1203;1190;477;285;192;716;436;280;1200;482;718
2009;41;7;0;2541;1258;1283;480;289;191;793;463;330;1268;506;762
2009;42;7;0;2478;1203;1275;477;256;221;780;465;315;1221;482;739
2009;43;7;0;2602;1303;1299;496;296;200;794;483;311;1312;524;788
2009;44;7;0;2565;1275;1290;470;275;195;840;523;317;1255;477;778
2009;45;7;0;2532;1236;1296;499;288;211;764;467;297;1269;481;788
2009;46;7;0;2568;1281;1287;484;293;191;798;476;322;1286;512;774
2009;47;7;0;2497;1211;1286;463;258;205;739;472;267;1295;481;814
2009;48;7;0;2436;1223;1213;468;263;205;765;450;315;1203;510;693
2009;49;7;0;2509;1263;1246;513;308;205;755;454;301;1241;501;740
2009;50;7;0;2489;1230;1259;457;284;173;790;460;330;1242;486;756
2009;51;7;0;2768;1357;1411;511;289;222;859;530;329;1398;538;860
2009;52;7;0;2811;1436;1375;480;308;172;850;517;333;1481;611;870
2010;1;7;0;2767;1373;1394;441;263;178;763;481;282;1563;629;934
2010;2;7;0;2830;1371;1459;466;266;200;792;477;315;1572;628;944
2010;3;7;0;2846;1314;1532;481;276;205;803;450;353;1562;588;974
2010;4;7;0;2865;1396;1469;493;279;214;769;467;302;1603;650;953
2010;5;7;0;2858;1385;1473;490;288;202;827;501;326;1541;596;945
2010;6;7;0;2831;1336;1495;467;247;220;814;508;306;1550;581;969
2010;7;7;0;2900;1341;1559;484;279;205;805;461;344;1611;601;1010
2010;8;7;0;2929;1373;1556;484;275;209;836;470;366;1609;628;981
2010;9;7;0;2757;1299;1458;473;272;201;792;457;335;1492;570;922
2010;10;7;0;2760;1334;1426;483;280;203;812;474;338;1465;580;885
2010;11;7;0;2686;1316;1370;457;285;172;767;464;303;1462;567;895
2010;12;7;0;2687;1293;1394;456;266;190;815;460;355;1416;567;849
2010;13;7;0;2586;1256;1330;440;273;167;755;425;330;1391;558;833
2010;14;7;0;2472;1177;1295;428;256;172;716;423;293;1328;498;830
2010;15;7;0;2583;1292;1291;446;269;177;775;480;295;1362;543;819
2010;16;7;0;2581;1282;1299;478;281;197;792;506;286;1311;495;816
2010;17;7;0;2570;1283;1287;450;289;161;772;462;310;1348;532;816
2010;18;7;0;2536;1212;1324;452;268;184;755;453;302;1329;491;838
2010;19;7;0;2687;1268;1419;536;298;238;752;472;280;1399;498;901
2010;20;7;0;2525;1211;1314;454;268;186;750;431;319;1321;512;809
2010;21;7;0;2485;1244;1241;466;274;192;741;453;288;1278;517;761
2010;22;7;0;2567;1247;1320;460;264;196;818;483;335;1289;500;789
2010;23;7;0;2502;1255;1247;444;255;189;774;468;306;1284;532;752
2010;24;7;0;2372;1163;1209;451;280;171;737;434;303;1184;449;735
2010;25;7;0;2535;1259;1276;469;265;204;769;466;303;1297;528;769
2010;26;7;0;2580;1233;1347;452;281;171;735;450;285;1393;502;891
2010;27;7;0;2653;1264;1389;486;265;221;768;458;310;1399;541;858
2010;28;7;0;2499;1234;1265;433;265;168;734;447;287;1332;522;810
2010;29;7;0;2443;1133;1310;428;231;197;719;411;308;1296;491;805
2010;30;7;0;2314;1124;1190;436;257;179;724;452;272;1154;415;739
2010;31;7;0;2289;1131;1158;440;248;192;696;432;264;1153;451;702
2010;32;7;0;2381;1137;1244;442;251;191;749;437;312;1190;449;741
2010;33;7;0;2464;1204;1260;491;292;199;756;440;316;1217;472;745
2010;34;7;0;2277;1115;1162;400;250;150;733;435;298;1144;430;714
2010;35;7;0;2416;1167;1249;433;264;169;764;448;316;1219;455;764
2010;36;7;0;2433;1180;1253;456;259;197;725;425;300;1252;496;756
2010;37;7;0;2523;1209;1314;472;272;200;754;427;327;1297;510;787
2010;38;7;0;2594;1285;1309;478;274;204;789;478;311;1327;533;794
2010;39;7;0;2498;1229;1269;487;281;206;786;493;293;1225;455;770
2010;40;7;0;2598;1278;1320;477;281;196;797;477;320;1324;520;804
2010;41;7;0;2543;1243;1300;494;293;201;759;449;310;1290;501;789
2010;42;7;0;2555;1269;1286;494;299;195;762;476;286;1299;494;805
2010;43;7;0;2609;1278;1331;465;281;184;797;467;330;1347;530;817
2010;44;7;0;2559;1220;1339;523;318;205;775;444;331;1261;458;803
2010;45;7;0;2542;1221;1321;466;264;202;759;428;331;1317;529;788
2010;46;7;0;2519;1229;1290;446;264;182;771;453;318;1302;512;790
2010;47;7;0;2542;1237;1305;466;257;209;765;467;298;1311;513;798
2010;48;7;0;2736;1355;1381;474;278;196;814;509;305;1448;568;880
2010;49;7;0;2832;1414;1418;518;323;195;840;500;340;1474;591;883
2010;50;7;0;2873;1407;1466;476;267;209;880;531;349;1517;609;908
2010;51;7;0;2830;1340;1490;498;285;213;833;492;341;1499;563;936
2011;1;7;0;2917;1408;1509;472;275;197;813;490;323;1632;643;989
2011;2;7;0;2819;1329;1490;478;267;211;781;453;328;1560;609;951
2011;3;7;0;2624;1254;1370;443;259;184;764;458;306;1417;537;880
2011;4;7;0;2620;1277;1343;465;257;208;749;446;303;1406;574;832
2011;5;7;0;2728;1327;1401;435;251;184;801;494;307;1492;582;910
2011;6;7;0;2675;1305;1370;450;255;195;789;473;316;1436;577;859
2011;7;7;0;2621;1302;1319;448;265;183;767;454;313;1406;583;823
2011;8;7;0;2651;1299;1352;454;258;196;794;476;318;1403;565;838
2011;9;7;0;2686;1324;1362;453;273;180;785;454;331;1448;597;851
2011;10;7;0;2714;1304;1410;447;272;175;782;449;333;1485;583;902
2011;11;7;0;2727;1291;1436;431;231;200;777;457;320;1519;603;916
2011;12;7;0;2686;1308;1378;463;251;212;806;489;317;1417;568;849
2011;13;7;0;2739;1342;1397;467;282;185;783;465;318;1489;595;894
2011;14;7;0;2592;1277;1315;424;252;172;767;440;327;1401;585;816
2011;15;7;0;2652;1282;1370;460;273;187;769;458;311;1423;551;872
2011;16;7;0;2694;1288;1406;419;226;193;814;455;359;1461;607;854
2011;17;7;0;2591;1227;1364;411;233;178;740;432;308;1440;562;878
2011;18;7;0;2543;1205;1338;445;248;197;723;431;292;1375;526;849
2011;19;7;0;2606;1262;1344;460;268;192;767;459;308;1379;535;844
2011;20;7;0;2551;1205;1346;464;247;217;770;456;314;1317;502;815
2011;21;7;0;2542;1228;1314;433;256;177;773;448;325;1336;524;812
2011;22;7;0;2477;1193;1284;424;242;182;725;428;297;1328;523;805
2011;23;7;0;2479;1212;1267;473;276;197;754;444;310;1252;492;760
2011;24;7;0;2489;1196;1293;417;240;177;778;449;329;1294;507;787
2011;25;7;0;2413;1141;1272;455;250;205;714;435;279;1244;456;788
2011;26;7;0;2535;1217;1318;478;266;212;757;453;304;1300;498;802
2011;27;7;0;2625;1316;1309;513;301;212;772;474;298;1340;541;799
2011;28;7;0;2513;1194;1319;454;260;194;729;428;301;1330;506;824
2011;29;7;0;2361;1122;1239;461;272;189;695;402;293;1205;448;757
2011;30;7;0;2431;1198;1233;434;241;193;747;453;294;1250;504;746
2011;31;7;0;2486;1198;1288;425;263;162;802;457;345;1259;478;781
2011;32;7;0;2356;1127;1229;415;234;181;693;434;259;1248;459;789
2011;33;7;0;2415;1207;1208;454;276;178;757;433;324;1204;498;706
2011;34;7;0;2381;1183;1198;429;249;180;703;417;286;1249;517;732
2011;35;7;0;2458;1162;1296;452;254;198;746;425;321;1260;483;777
2011;36;7;0;2520;1278;1242;451;279;172;707;437;270;1362;562;800
2011;37;7;0;2380;1110;1270;410;225;185;725;411;314;1245;474;771
2011;38;7;0;2447;1145;1302;463;260;203;723;413;310;1261;472;789
2011;39;7;0;2593;1201;1392;441;241;200;789;462;327;1363;498;865
2011;40;7;0;2474;1132;1342;419;228;191;750;422;328;1305;482;823
2011;41;7;0;2537;1244;1293;453;266;187;790;464;326;1294;514;780
2011;42;7;0;2551;1220;1331;406;234;172;796;466;330;1349;520;829
2011;43;7;0;2658;1268;1390;447;251;196;797;447;350;1414;570;844
2011;44;7;0;2653;1282;1371;512;315;197;746;434;312;1395;533;862
2011;45;7;0;2567;1210;1357;472;284;188;786;441;345;1309;485;824
2011;46;7;0;2691;1292;1399;494;290;204;812;480;332;1385;522;863
2011;47;7;0;2740;1332;1408;483;264;219;790;487;303;1467;581;886
2011;48;7;0;2782;1314;1468;482;269;213;817;471;346;1483;574;909
2011;49;7;0;2786;1349;1437;462;276;186;865;497;368;1459;576;883
2011;50;7;0;2915;1345;1570;509;300;209;808;458;350;1598;587;1011
2011;51;7;0;2813;1295;1518;450;258;192;837;490;347;1526;547;979
2012;1;7;0;2930;1419;1511;423;237;186;852;500;352;1655;682;973
2012;2;7;0;2773;1350;1423;468;276;192;770;436;334;1535;638;897
2012;3;7;0;2785;1322;1463;439;238;201;766;455;311;1580;629;951
2012;4;7;0;2789;1286;1503;407;242;165;766;415;351;1616;629;987
2012;5;7;0;2815;1363;1452;398;232;166;801;478;323;1616;653;963
2012;6;7;0;3034;1476;1558;470;277;193;833;488;345;1731;711;1020
2012;7;7;0;3089;1467;1622;469;273;196;834;491;343;1786;703;1083
2012;8;7;0;3035;1437;1598;430;242;188;849;497;352;1756;698;1058
2012;9;7;0;3061;1410;1651;476;279;197;825;469;356;1760;662;1098
2012;10;7;0;2951;1391;1560;495;292;203;802;479;323;1654;620;1034
2012;11;7;0;2891;1391;1500;442;234;208;859;509;350;1590;648;942
2012;12;7;0;2817;1326;1491;424;234;190;828;492;336;1565;600;965
2012;13;7;0;2793;1359;1434;418;247;171;828;482;346;1547;630;917
2012;14;7;0;2805;1374;1431;429;262;167;800;468;332;1576;644;932
2012;15;7;0;2757;1340;1417;466;280;186;799;489;310;1492;571;921
2012;16;7;0;2786;1330;1456;471;270;201;796;445;351;1519;615;904
2012;17;7;0;2773;1303;1470;433;243;190;782;447;335;1558;613;945
2012;18;7;0;2609;1241;1368;406;225;181;771;445;326;1432;571;861
2012;19;7;0;2653;1284;1369;449;261;188;778;460;318;1426;563;863
2012;20;7;0;2537;1238;1299;387;233;154;759;422;337;1391;583;808
2012;21;7;0;2727;1314;1413;480;283;197;774;461;313;1473;570;903
2012;22;7;0;2558;1225;1333;423;232;191;764;453;311;1371;540;831
2012;23;7;0;2585;1222;1363;433;235;198;750;435;315;1402;552;850
2012;24;7;0;2558;1231;1327;427;240;187;775;468;307;1356;523;833
2012;25;7;0;2574;1250;1324;438;253;185;765;447;318;1371;550;821
2012;26;7;0;2561;1250;1311;443;277;166;797;476;321;1321;497;824
2012;27;7;0;2639;1238;1401;506;277;229;750;449;301;1383;512;871
2012;28;7;0;2450;1188;1262;454;268;186;712;416;296;1284;504;780
2012;29;7;0;2422;1188;1234;434;264;170;721;431;290;1267;493;774
2012;30;7;0;2559;1253;1306;460;285;175;770;454;316;1329;514;815
2012;31;7;0;2372;1114;1258;385;219;166;683;427;256;1304;468;836
2012;32;7;0;2359;1135;1224;400;224;176;727;422;305;1232;489;743
2012;33;7;0;2548;1199;1349;436;255;181;750;436;314;1362;508;854
2012;34;7;0;2534;1232;1302;441;256;185;721;427;294;1372;549;823
2012;35;7;0;2370;1163;1207;423;248;175;724;445;279;1223;470;753
2012;36;7;0;2540;1220;1320;453;270;183;754;447;307;1333;503;830
2012;37;7;0;2474;1218;1256;432;257;175;721;450;271;1321;511;810
2012;38;7;0;2390;1172;1218;444;252;192;715;427;288;1231;493;738
2012;39;7;0;2640;1350;1290;463;274;189;828;505;323;1349;571;778
2012;40;7;0;2523;1223;1300;453;257;196;767;458;309;1303;508;795
2012;41;7;0;2681;1312;1369;464;263;201;812;469;343;1405;580;825
2012;42;7;0;2666;1277;1389;439;265;174;841;484;357;1386;528;858
2012;43;7;0;2522;1217;1305;444;257;187;778;474;304;1300;486;814
2012;44;7;0;2646;1307;1339;449;265;184;819;482;337;1378;560;818
2012;45;7;0;2691;1288;1403;478;266;212;790;461;329;1423;561;862
2012;46;7;0;2729;1339;1390;454;256;198;841;504;337;1434;579;855
2012;47;7;0;2727;1342;1385;460;284;176;839;495;344;1428;563;865
2012;48;7;0;2731;1349;1382;466;266;200;840;513;327;1425;570;855
2012;49;7;0;2772;1398;1374;493;280;213;864;526;338;1415;592;823
2012;50;7;0;2911;1388;1523;484;278;206;898;520;378;1529;590;939
2012;51;7;0;2860;1376;1484;487;278;209;869;508;361;1504;590;914
2012;52;7;0;3003;1451;1552;502;295;207;906;523;383;1595;633;962
2013;2;7;0;3038;1504;1534;463;278;185;865;532;333;1710;694;1016
2013;3;7;0;3011;1458;1553;467;261;206;851;516;335;1693;681;1012
2013;4;7;0;3082;1507;1575;491;278;213;855;529;326;1736;700;1036
2013;5;7;0;3192;1541;1651;487;276;211;875;533;342;1830;732;1098
2013;6;7;0;3143;1500;1643;475;271;204;878;527;351;1790;702;1088
2013;7;7;0;3033;1473;1560;446;268;178;804;476;328;1783;729;1054
2013;8;7;0;3211;1541;1670;464;269;195;892;541;351;1855;731;1124
2013;9;7;0;3170;1487;1683;455;245;210;845;482;363;1870;760;1110
2013;10;7;0;3293;1543;1750;457;267;190;871;515;356;1965;761;1204
2013;11;7;0;3039;1430;1609;441;244;197;862;517;345;1736;669;1067
2013;12;7;0;3038;1454;1584;445;243;202;865;507;358;1728;704;1024
2013;13;7;0;3067;1478;1589;434;263;171;854;505;349;1779;710;1069
2013;14;7;0;2974;1423;1551;446;252;194;859;513;346;1669;658;1011
2013;15;7;0;3059;1451;1608;472;252;220;819;488;331;1768;711;1057
2013;16;7;0;2859;1394;1465;432;243;189;854;516;338;1573;635;938
2013;17;7;0;2727;1289;1438;411;224;187;819;493;326;1497;572;925
2013;18;7;0;2560;1216;1344;398;214;184;732;425;307;1430;577;853
2013;19;7;0;2652;1200;1452;434;251;183;771;419;352;1447;530;917
2013;20;7;0;2571;1261;1310;408;230;178;781;478;303;1382;553;829
2013;21;7;0;2499;1185;1314;436;221;215;782;457;325;1281;507;774
2013;22;7;0;2601;1283;1318;447;284;163;789;468;321;1365;531;834
2013;23;7;0;2577;1244;1333;434;236;198;772;464;308;1371;544;827
2013;24;7;0;2498;1199;1299;414;239;175;755;448;307;1329;512;817
2013;25;7;0;2539;1256;1283;454;274;180;754;445;309;1331;537;794
2013;26;7;0;2493;1221;1272;407;266;141;741;450;291;1345;505;840
2013;27;7;0;2533;1212;1321;432;246;186;761;431;330;1340;535;805
2013;28;7;0;2461;1199;1262;407;242;165;754;460;294;1300;497;803
2013;29;7;0;2488;1241;1247;438;272;166;740;437;303;1310;532;778
2013;30;7;0;2724;1327;1397;436;258;178;836;508;328;1452;561;891
2013;31;7;0;2486;1155;1331;404;240;164;770;425;345;1312;490;822
2013;32;7;0;2389;1167;1222;416;257;159;706;423;283;1267;487;780
2013;33;7;0;2442;1150;1292;406;242;164;723;408;315;1313;500;813
2013;34;7;0;2402;1170;1232;418;258;160;722;431;291;1262;481;781
2013;35;7;0;2436;1187;1249;398;222;176;749;428;321;1289;537;752
2013;36;7;0;2477;1220;1257;424;255;169;757;438;319;1296;527;769
2013;37;7;0;2311;1111;1200;425;251;174;678;390;288;1208;470;738
2013;38;7;0;2498;1211;1287;447;260;187;774;474;300;1277;477;800
2013;39;7;0;2369;1138;1231;378;219;159;775;459;316;1216;460;756
2013;40;7;0;2576;1271;1305;456;259;197;763;462;301;1357;550;807
2013;41;7;0;2604;1266;1338;424;248;176;795;475;320;1385;543;842
2013;42;7;0;2543;1243;1300;451;268;183;809;470;339;1283;505;778
2013;43;7;0;2679;1309;1370;451;262;189;793;466;327;1435;581;854
2013;44;7;0;2469;1276;1193;449;269;180;748;470;278;1272;537;735
2013;45;7;0;2503;1283;1220;395;236;159;768;472;296;1340;575;765
2013;46;7;0;2571;1261;1310;436;256;180;827;479;348;1308;526;782
2013;47;7;0;2565;1237;1328;461;247;214;798;467;331;1306;523;783
2013;48;7;0;2743;1348;1395;455;256;199;824;488;336;1464;604;860
2013;49;7;0;2598;1261;1337;425;255;170;778;448;330;1395;558;837
2013;50;7;0;2590;1290;1300;405;231;174;776;481;295;1409;578;831
2013;51;7;0;2787;1398;1389;430;267;163;884;534;350;1473;597;876
2013;52;7;0;2753;1330;1423;469;275;194;814;476;338;1470;579;891
2014;2;7;0;2819;1351;1468;434;256;178;828;486;342;1557;609;948
2014;3;7;0;2740;1316;1424;433;257;176;783;458;325;1524;601;923
2014;4;7;0;2710;1337;1373;421;253;168;765;455;310;1524;629;895
2014;5;7;0;2708;1294;1414;352;184;168;770;452;318;1586;658;928
2014;6;7;0;2855;1375;1480;449;263;186;826;483;343;1580;629;951
2014;7;7;0;2796;1333;1463;444;263;181;815;471;344;1537;599;938
2014;8;7;0;2753;1293;1460;414;237;177;811;469;342;1528;587;941
2014;9;7;0;2713;1299;1414;411;234;177;738;443;295;1564;622;942
2014;10;7;0;2763;1317;1446;445;261;184;757;440;317;1561;616;945
2014;11;7;0;2770;1340;1430;424;240;184;835;503;332;1511;597;914
2014;12;7;0;2662;1283;1379;427;237;190;757;454;303;1478;592;886
2014;13;7;0;2690;1299;1391;410;245;165;789;462;327;1491;592;899
2014;14;7;0;2707;1287;1420;397;227;170;817;467;350;1493;593;900
2014;15;7;0;2592;1220;1372;392;213;179;727;418;309;1473;589;884
2014;16;7;0;2609;1238;1371;408;221;187;761;448;313;1440;569;871
2014;17;7;0;2610;1277;1333;423;239;184;768;451;317;1419;587;832
2014;18;7;0;2528;1212;1316;407;225;182;744;444;300;1377;543;834
2014;19;7;0;2618;1280;1338;423;244;179;817;476;341;1378;560;818
2014;20;7;0;2620;1290;1330;443;262;181;805;486;319;1372;542;830
2014;21;7;0;2559;1211;1348;416;249;167;732;424;308;1411;538;873
2014;22;7;0;2511;1193;1318;402;223;179;752;430;322;1357;540;817
2014;23;7;0;2499;1213;1286;403;236;167;745;436;309;1351;541;810
2014;24;7;0;2428;1148;1280;384;222;162;699;419;280;1345;507;838
2014;25;7;0;2442;1165;1277;398;226;172;738;437;301;1306;502;804
2014;26;7;0;2483;1188;1295;378;216;162;766;417;349;1339;555;784
2014;27;7;0;2653;1263;1390;448;247;201;773;463;310;1432;553;879
2014;28;7;0;2569;1263;1306;451;257;194;725;428;297;1393;578;815
2014;29;7;0;2809;1385;1424;611;336;275;828;478;350;1370;571;799
2014;30;7;0;2659;1338;1321;416;275;141;806;491;315;1437;572;865
2014;31;7;0;2501;1225;1276;413;247;166;755;433;322;1333;545;788
2014;32;7;0;2540;1248;1292;414;245;169;742;443;299;1384;560;824
2014;33;7;0;2423;1186;1237;396;220;176;729;437;292;1298;529;769
2014;34;7;0;2478;1206;1272;393;218;175;781;468;313;1304;520;784
2014;35;7;0;2678;1230;1448;463;256;207;781;420;361;1434;554;880
2014;36;7;0;2630;1285;1345;430;253;177;823;488;335;1377;544;833
2014;37;7;0;2529;1230;1299;443;265;178;761;445;316;1325;520;805
2014;38;7;0;2594;1304;1290;410;256;154;790;449;341;1394;599;795
2014;39;7;0;2483;1146;1337;392;222;170;782;439;343;1309;485;824
2014;40;7;0;2639;1265;1374;444;257;187;808;470;338;1387;538;849
2014;41;7;0;2615;1249;1366;429;238;191;780;470;310;1406;541;865
2014;42;7;0;2646;1320;1326;440;259;181;808;485;323;1398;576;822
2014;43;7;0;2562;1216;1346;395;216;179;817;461;356;1350;539;811
2014;44;7;0;2647;1237;1410;442;245;197;825;465;360;1380;527;853
2014;45;7;0;2650;1245;1405;436;231;205;781;451;330;1433;563;870
2014;46;7;0;2779;1335;1444;434;264;170;825;480;345;1520;591;929
2014;47;7;0;2777;1375;1402;436;257;179;850;486;364;1491;632;859
2014;48;7;0;2782;1359;1423;425;257;168;853;495;358;1504;607;897
2014;49;7;0;2868;1397;1471;452;267;185;865;503;362;1551;627;924
2014;50;7;0;3097;1491;1606;474;281;193;885;497;388;1738;713;1025
2014;51;7;0;3129;1562;1567;477;281;196;929;560;369;1723;721;1002
2014;52;7;0;2962;1401;1561;393;239;154;866;488;378;1703;674;1029
2015;2;7;0;3429;1626;1803;443;240;203;958;578;380;2028;808;1220
2015;3;7;0;3377;1601;1776;432;249;183;885;524;361;2060;828;1232
2015;4;7;0;3353;1601;1752;473;283;190;887;535;352;1993;783;1210
2015;5;7;0;3322;1515;1807;417;223;194;902;534;368;2003;758;1245
2015;6;7;0;3272;1563;1709;447;258;189;897;536;361;1928;769;1159
2015;7;7;0;3311;1564;1747;432;257;175;928;534;394;1951;773;1178
2015;8;7;0;3381;1589;1792;454;260;194;930;539;391;1997;790;1207
2015;9;7;0;3207;1504;1703;416;246;170;884;507;377;1907;751;1156
2015;10;7;0;3222;1504;1718;452;250;202;885;515;370;1885;739;1146
2015;11;7;0;3086;1459;1627;442;260;182;895;541;354;1749;658;1091
2015;12;7;0;3052;1483;1569;478;261;217;866;519;347;1708;703;1005
2015;13;7;0;3084;1461;1623;421;236;185;884;527;357;1779;698;1081
2015;14;7;0;2839;1399;1440;402;230;172;856;508;348;1581;661;920
2015;15;7;0;2888;1382;1506;431;248;183;831;477;354;1626;657;969
2015;16;7;0;2893;1437;1456;430;262;168;860;515;345;1603;660;943
2015;17;7;0;2829;1322;1507;429;232;197;831;470;361;1569;620;949
2015;18;7;0;2674;1303;1371;402;242;160;839;501;338;1433;560;873
2015;19;7;0;2741;1300;1441;434;250;184;787;449;338;1520;601;919
2015;20;7;0;2721;1315;1406;410;235;175;838;483;355;1473;597;876
2015;21;7;0;2566;1226;1340;388;214;174;754;444;310;1424;568;856
2015;22;7;0;2660;1326;1334;433;249;184;801;470;331;1426;607;819
2015;23;7;0;2595;1261;1334;398;230;168;775;464;311;1422;567;855
2015;24;7;0;2680;1317;1363;363;206;157;860;501;359;1457;610;847
2015;25;7;0;2559;1226;1333;384;228;156;805;461;344;1370;537;833
2015;26;7;0;2547;1245;1302;403;226;177;782;455;327;1362;564;798
2015;27;7;0;2848;1385;1463;455;255;200;825;492;333;1568;638;930
2015;28;7;0;2587;1272;1315;399;219;180;754;456;298;1434;597;837
2015;29;7;0;2567;1221;1346;455;235;220;783;456;327;1329;530;799
2015;30;7;0;2548;1251;1297;420;266;154;786;473;313;1342;512;830
2015;31;7;0;2490;1171;1319;395;221;174;794;472;322;1301;478;823
2015;32;7;0;2544;1281;1263;405;225;180;839;504;335;1300;552;748
2015;33;7;0;2529;1281;1248;388;239;149;746;472;274;1395;570;825
2015;34;7;0;2519;1243;1276;367;211;156;779;474;305;1373;558;815
2015;35;7;0;2527;1246;1281;428;260;168;786;465;321;1313;521;792
2015;36;7;0;2510;1240;1270;393;251;142;764;448;316;1353;541;812
2015;37;7;0;2599;1256;1343;437;250;187;790;453;337;1372;553;819
2015;38;7;0;2633;1302;1331;416;232;184;772;495;277;1445;575;870
2015;39;7;0;2683;1258;1425;439;242;197;838;474;364;1406;542;864
2015;40;7;0;2742;1325;1417;468;257;211;835;477;358;1439;591;848
2015;41;7;0;2690;1293;1397;442;253;189;807;462;345;1441;578;863
2015;42;7;0;2712;1303;1409;404;241;163;828;484;344;1480;578;902
2015;43;7;0;2832;1437;1395;441;260;181;902;544;358;1489;633;856
2015;44;7;0;2824;1330;1494;414;244;170;840;486;354;1570;600;970
2015;45;7;0;2692;1282;1410;461;253;208;829;496;333;1402;533;869
2015;46;7;0;2599;1298;1301;400;249;151;818;500;318;1381;549;832
2015;47;7;0;2806;1359;1447;450;259;191;868;476;392;1488;624;864
2015;48;7;0;2721;1345;1376;431;243;188;863;492;371;1427;610;817
2015;49;7;0;2759;1344;1415;445;243;202;834;478;356;1480;623;857
2015;50;7;0;2844;1385;1459;446;254;192;889;523;366;1509;608;901
2015;51;7;0;2881;1427;1454;407;244;163;899;533;366;1575;650;925
2015;52;7;0;2592;1261;1331;397;237;160;769;462;307;1426;562;864
2016;1;7;0;3173;1565;1608;463;260;203;920;553;367;1790;752;1038
2016;2;7;0;3075;1494;1581;445;246;199;863;499;364;1767;749;1018
2016;3;7;0;3062;1509;1553;432;250;182;882;536;346;1748;723;1025
2016;4;7;0;3201;1519;1682;446;253;193;874;514;360;1881;752;1129
2016;5;7;0;3103;1532;1571;455;265;190;946;566;380;1702;701;1001
2016;6;7;0;3036;1445;1591;434;238;196;907;542;365;1695;665;1030
2016;7;7;0;3027;1421;1606;448;257;191;893;489;404;1686;675;1011
2016;8;7;0;3319;1585;1734;471;271;200;936;549;387;1912;765;1147
2016;9;7;0;3185;1517;1668;479;266;213;925;529;396;1781;722;1059
2016;10;7;0;3151;1515;1636;433;246;187;896;516;380;1822;753;1069
2016;11;7;0;3062;1487;1575;485;292;193;884;524;360;1693;671;1022
2016;12;7;0;3028;1502;1526;444;264;180;896;537;359;1688;701;987
2016;13;7;0;3037;1478;1559;437;253;184;924;545;379;1676;680;996
2016;14;7;0;3010;1464;1546;428;238;190;866;505;361;1716;721;995
2016;15;7;0;2767;1314;1453;395;221;174;829;476;353;1543;617;926
2016;16;7;0;2751;1281;1470;421;237;184;824;464;360;1506;580;926
2016;17;7;0;2742;1344;1398;407;226;181;763;451;312;1572;667;905
2016;18;7;0;2754;1309;1445;397;220;177;821;477;344;1536;612;924
2016;19;7;0;2952;1443;1509;424;252;172;888;522;366;1640;669;971
2016;20;7;0;2671;1269;1402;348;208;140;779;443;336;1544;618;926
2016;21;7;0;2713;1261;1452;421;230;191;764;430;334;1528;601;927
2016;22;7;0;2682;1329;1353;390;223;167;821;497;324;1471;609;862
2016;23;7;0;2587;1243;1344;378;224;154;757;440;317;1452;579;873
2016;24;7;0;2620;1266;1354;436;238;198;771;448;323;1413;580;833
2016;25;7;0;2597;1248;1349;412;233;179;769;437;332;1416;578;838
2016;26;7;0;2609;1268;1341;405;232;173;821;468;353;1383;568;815
2016;27;7;0;2693;1292;1401;407;228;179;804;461;343;1482;603;879
2016;28;7;0;2627;1250;1377;388;219;169;743;427;316;1496;604;892
2016;29;7;0;2753;1361;1392;428;257;171;842;527;315;1483;577;906
2016;30;7;0;2542;1268;1274;397;245;152;765;442;323;1380;581;799
2016;31;7;0;2500;1218;1282;416;232;184;758;437;321;1326;549;777
2016;32;7;0;2558;1246;1312;420;247;173;775;453;322;1363;546;817
2016;33;7;0;2568;1316;1252;411;241;170;779;485;294;1378;590;788
2016;34;7;0;2701;1318;1383;414;253;161;857;508;349;1430;557;873
2016;35;7;0;2591;1263;1328;420;245;175;791;454;337;1380;564;816
2016;36;7;0;2584;1259;1325;414;233;181;782;454;328;1388;572;816
2016;37;7;0;2725;1352;1373;439;253;186;825;478;347;1461;621;840
2016;38;7;0;2500;1223;1277;409;233;176;810;492;318;1281;498;783
2016;39;7;0;2665;1259;1406;411;212;199;817;483;334;1437;564;873
2016;40;7;0;2683;1349;1334;412;253;159;836;500;336;1435;596;839
2016;41;7;0;2934;1447;1487;461;252;209;938;546;392;1535;649;886
2016;42;7;0;2744;1334;1410;450;262;188;833;472;361;1461;600;861
2016;43;7;0;2948;1411;1537;458;278;180;844;473;371;1646;660;986
2016;44;7;0;2731;1348;1383;400;219;181;809;467;342;1522;662;860
2016;45;7;0;2912;1373;1539;426;227;199;880;518;362;1606;628;978
2016;46;7;0;2902;1436;1466;429;244;185;866;521;345;1607;671;936
2016;47;7;0;2908;1369;1539;395;201;194;876;501;375;1637;667;970
2016;48;7;0;2949;1430;1519;442;264;178;869;509;360;1638;657;981
2016;49;7;0;3042;1455;1587;457;241;216;935;546;389;1650;668;982
2016;50;7;0;3129;1551;1578;444;248;196;944;566;378;1741;737;1004
2016;51;7;0;3072;1454;1618;417;251;166;942;543;399;1713;660;1053
2017;1;7;0;3568;1676;1892;454;268;186;929;522;407;2185;886;1299
2017;2;7;0;3637;1741;1896;418;238;180;993;587;406;2226;916;1310
2017;3;7;0;3487;1639;1848;428;239;189;894;528;366;2165;872;1293
2017;4;7;0;3626;1679;1947;447;256;191;956;545;411;2223;878;1345
2017;5;7;0;3574;1697;1877;424;267;157;1038;610;428;2112;820;1292
2017;6;7;0;3446;1633;1813;472;264;208;929;514;415;2045;855;1190
2017;7;7;0;3417;1627;1790;466;271;195;877;493;384;2074;863;1211
2017;8;7;0;3328;1558;1770;439;247;192;914;509;405;1975;802;1173
2017;9;7;0;3152;1511;1641;407;234;173;828;494;334;1917;783;1134
2017;10;7;0;3054;1481;1573;436;249;187;886;506;380;1732;726;1006
2017;11;7;0;2843;1350;1493;426;243;183;795;470;325;1622;637;985
2017;12;7;0;2778;1327;1451;413;226;187;818;478;340;1547;623;924
2017;13;7;0;2850;1405;1445;426;238;188;866;512;354;1558;655;903
2017;14;7;0;2764;1308;1456;435;249;186;800;455;345;1529;604;925
2017;15;7;0;2810;1381;1429;401;230;171;866;495;371;1543;656;887
2017;16;7;0;2713;1326;1387;403;234;169;815;486;329;1495;606;889
2017;17;7;0;2778;1320;1458;388;237;151;821;468;353;1569;615;954
2017;18;7;0;2769;1359;1410;389;231;158;840;494;346;1540;634;906
2017;19;7;0;2802;1320;1482;379;203;176;853;481;372;1570;636;934
2017;20;7;0;2801;1348;1453;387;219;168;848;489;359;1566;640;926
2017;21;7;0;2772;1361;1411;402;251;151;830;503;327;1540;607;933
2017;22;7;0;2701;1296;1405;377;218;159;840;484;356;1484;594;890
2017;23;7;0;2624;1229;1395;418;242;176;749;419;330;1457;568;889
2017;24;7;0;2643;1280;1363;400;208;192;794;471;323;1449;601;848
2017;25;7;0;2627;1268;1359;415;235;180;803;448;355;1409;585;824
2017;26;7;0;2691;1350;1341;435;253;182;785;469;316;1471;628;843
2017;27;7;0;2697;1287;1410;401;231;170;816;453;363;1480;603;877
2017;28;7;0;2520;1247;1273;397;214;183;758;450;308;1365;583;782
2017;29;7;0;2674;1318;1356;397;234;163;832;487;345;1445;597;848
2017;30;7;0;2571;1247;1324;384;225;159;819;474;345;1368;548;820
2017;31;7;0;2510;1244;1266;386;229;157;775;472;303;1349;543;806
2017;32;7;0;2657;1275;1382;416;242;174;838;485;353;1403;548;855
2017;33;7;0;2540;1262;1278;404;257;147;795;460;335;1341;545;796
2017;34;7;0;2545;1247;1298;384;231;153;763;447;316;1398;569;829
2017;35;7;0;2576;1288;1288;401;232;169;790;490;300;1385;566;819
2017;36;7;0;2570;1277;1293;384;218;166;846;500;346;1340;559;781
2017;37;7;0;2707;1340;1367;416;234;182;864;509;355;1427;597;830
2017;38;7;0;2715;1354;1361;443;260;183;854;509;345;1418;585;833
2017;39;7;0;2669;1310;1359;401;243;158;823;487;336;1445;580;865
2017;40;7;0;2641;1330;1311;421;254;167;793;497;296;1427;579;848
2017;41;7;0;2763;1374;1389;416;238;178;877;533;344;1470;603;867
2017;42;7;0;2706;1299;1407;394;211;183;832;485;347;1480;603;877
2017;43;7;0;2676;1286;1390;397;193;204;791;478;313;1488;615;873
2017;44;7;0;2726;1327;1399;427;257;170;798;465;333;1501;605;896
2017;45;7;0;2797;1353;1444;445;273;172;795;449;346;1557;631;926
2017;46;7;0;2916;1376;1540;430;244;186;911;527;384;1575;605;970
2017;47;7;0;2917;1444;1473;411;243;168;912;535;377;1594;666;928
2017;48;7;0;2886;1464;1422;419;265;154;880;543;337;1587;656;931
2017;49;7;0;3027;1487;1540;457;280;177;899;510;389;1671;697;974
2017;50;7;0;3218;1572;1646;458;269;189;1017;560;457;1743;743;1000
2017;51;7;0;3079;1442;1637;424;243;181;918;527;391;1737;672;1065
2017;52;7;0;3187;1520;1667;437;249;188;934;514;420;1816;757;1059
2018;1;7;0;3343;1557;1786;431;271;160;932;532;400;1980;754;1226
2018;2;7;0;3359;1592;1767;406;240;166;926;508;418;2027;844;1183
2018;3;7;0;3364;1620;1744;423;240;183;983;581;402;1958;799;1159
2018;4;7;0;3322;1650;1672;408;245;163;936;550;386;1978;855;1123
2018;5;7;0;3403;1559;1844;456;264;192;921;530;391;2026;765;1261
2018;6;7;0;3513;1640;1873;443;253;190;970;552;418;2100;835;1265
2018;7;7;0;3660;1780;1880;427;260;167;1070;600;470;2163;920;1243
2018;8;7;0;3691;1750;1941;434;253;181;1047;595;452;2210;902;1308
2018;9;7;0;3937;1868;2069;468;261;207;1111;652;459;2358;955;1403
2018;10;7;0;4092;1904;2188;464;276;188;1114;656;458;2514;972;1542
2018;11;7;0;3733;1759;1974;445;256;189;1045;607;438;2243;896;1347
2018;12;7;0;3430;1691;1739;438;239;199;947;578;369;2045;874;1171
2018;13;7;0;3225;1560;1665;411;245;166;897;532;365;1917;783;1134
2018;14;7;0;3040;1445;1595;445;250;195;902;507;395;1693;688;1005
2018;15;7;0;2860;1345;1515;402;217;185;846;478;368;1612;650;962
2018;16;7;0;2760;1313;1447;380;195;185;874;516;358;1506;602;904
2018;17;7;0;2663;1279;1384;400;233;167;829;506;323;1434;540;894
2018;18;7;0;2645;1314;1331;395;234;161;767;448;319;1483;632;851
2018;19;7;0;2641;1342;1299;371;227;144;758;463;295;1512;652;860
2018;20;7;0;2606;1277;1329;350;192;158;825;479;346;1431;606;825
2018;21;7;0;2674;1302;1372;391;228;163;797;480;317;1486;594;892
2018;22;7;0;2776;1350;1426;416;237;179;857;506;351;1503;607;896
2018;23;7;0;2679;1313;1366;399;235;164;825;487;338;1455;591;864
2018;24;7;0;2557;1248;1309;372;209;163;797;463;334;1388;576;812
2018;25;7;0;2601;1301;1300;362;204;158;803;467;336;1436;630;806
2018;26;7;0;2619;1311;1308;383;243;140;784;441;343;1452;627;825
2018;27;7;0;2726;1326;1400;406;222;184;838;485;353;1482;619;863
2018;28;7;0;2671;1279;1392;408;224;184;805;475;330;1458;580;878
2018;29;7;0;2704;1311;1393;391;224;167;810;499;311;1503;588;915
2018;30;7;0;2767;1344;1423;405;246;159;824;470;354;1538;628;910
2018;31;7;0;2760;1335;1425;402;245;157;867;495;372;1491;595;896
2018;32;7;0;2745;1339;1406;424;244;180;827;497;330;1494;598;896
2018;33;7;0;2605;1280;1325;404;231;173;785;461;324;1416;588;828
2018;34;7;0;2612;1321;1291;375;210;165;813;506;307;1424;605;819
2018;35;7;0;2527;1275;1252;407;247;160;808;450;358;1312;578;734
2018;36;7;0;2613;1286;1327;417;231;186;811;459;352;1385;596;789
2018;37;7;0;2539;1298;1241;368;220;148;819;507;312;1352;571;781
2018;38;7;0;2706;1325;1381;428;263;165;868;478;390;1410;584;826
2018;39;7;0;2696;1337;1359;447;251;196;804;466;338;1445;620;825
2018;40;7;0;2806;1373;1433;441;259;182;873;477;396;1492;637;855
2018;41;7;0;2760;1361;1399;432;240;192;832;473;359;1496;648;848
2018;42;7;0;2739;1334;1405;384;220;164;831;491;340;1524;623;901
2018;43;7;0;2671;1345;1326;430;267;163;857;504;353;1384;574;810
2018;44;7;0;2815;1373;1442;408;247;161;920;523;397;1487;603;884
2018;45;7;0;2798;1406;1392;407;226;181;907;531;376;1484;649;835
2018;46;7;0;2761;1332;1429;431;248;183;825;477;348;1505;607;898
2018;47;7;0;2859;1398;1461;403;223;180;928;525;403;1528;650;878
2018;48;7;0;2907;1407;1500;423;250;173;916;515;401;1568;642;926
2018;49;7;0;2968;1463;1505;438;239;199;905;529;376;1625;695;930
2018;50;7;0;3017;1512;1505;470;270;200;960;572;388;1587;670;917
2018;51;7;0;3041;1474;1567;425;246;179;928;507;421;1688;721;967
2018;52;7;0;2901;1405;1496;408;216;192;909;530;379;1584;659;925
2019;2;7;0;3262;1578;1684;463;275;188;864;488;376;1935;815;1120
2019;3;7;0;3152;1522;1630;396;218;178;928;539;389;1828;765;1063
2019;4;7;0;3179;1545;1634;420;211;209;931;512;419;1828;822;1006
2019;5;7;0;3139;1575;1564;438;264;174;944;569;375;1757;742;1015
2019;6;7;0;3183;1589;1594;400;226;174;983;553;430;1800;810;990
2019;7;7;0;3254;1580;1674;405;240;165;915;526;389;1934;814;1120
2019;8;7;0;3220;1529;1691;414;239;175;939;540;399;1867;750;1117
2019;9;7;0;3065;1462;1603;400;219;181;877;500;377;1788;743;1045
2019;10;7;0;3172;1582;1590;429;253;176;938;570;368;1805;759;1046
2019;11;7;0;3225;1582;1643;414;216;198;979;574;405;1832;792;1040
2019;12;7;0;3043;1465;1578;400;238;162;860;500;360;1783;727;1056
2019;13;7;0;3013;1508;1505;396;230;166;893;543;350;1724;735;989
2019;14;7;0;2898;1384;1514;384;221;163;847;474;373;1667;689;978
2019;15;7;0;2902;1472;1430;403;263;140;889;507;382;1610;702;908
2019;16;7;0;3036;1475;1561;425;239;186;899;521;378;1712;715;997
2019;17;7;0;2956;1417;1539;367;216;151;859;472;387;1730;729;1001
2019;18;7;0;2806;1363;1443;377;222;155;869;477;392;1560;664;896
2019;19;7;0;2772;1334;1438;378;225;153;821;446;375;1573;663;910
2019;20;7;0;2821;1366;1455;387;224;163;811;466;345;1623;676;947
2019;21;7;0;2873;1370;1503;404;240;164;810;453;357;1659;677;982
2019;22;7;0;2730;1356;1374;387;238;149;846;508;338;1497;610;887
2019;23;7;0;2734;1327;1407;417;229;188;805;441;364;1512;657;855
2019;24;7;0;2647;1337;1310;368;225;143;818;490;328;1461;622;839
2019;25;7;0;2692;1354;1338;365;212;153;865;516;349;1462;626;836
2019;26;7;0;2836;1403;1433;411;244;167;857;507;350;1568;652;916
2019;27;7;0;2725;1356;1369;385;226;159;866;493;373;1474;637;837
2019;28;7;0;2761;1327;1434;402;246;156;841;465;376;1518;616;902
2019;29;7;0;2586;1274;1312;402;246;156;816;484;332;1368;544;824
2019;30;7;0;3006;1453;1553;433;237;196;879;516;363;1694;700;994
2019;31;7;0;2731;1348;1383;379;222;157;857;508;349;1495;618;877
2019;32;7;0;2629;1281;1348;371;202;169;783;459;324;1475;620;855
2019;33;7;0;2613;1283;1330;360;218;142;837;479;358;1416;586;830
2019;34;7;0;2617;1305;1312;373;203;170;814;486;328;1430;616;814
2019;35;7;0;2783;1330;1453;383;212;171;905;510;395;1495;608;887
2019;36;7;0;2553;1224;1329;377;213;164;782;448;334;1394;563;831
2019;37;7;0;2642;1290;1352;380;205;175;847;487;360;1415;598;817
2019;38;7;0;2580;1266;1314;355;206;149;817;471;346;1408;589;819
2019;39;7;0;2751;1375;1376;395;235;160;861;484;377;1495;656;839
2019;40;7;0;2717;1370;1347;409;230;179;815;493;322;1493;647;846
2019;41;7;0;2912;1481;1431;411;261;150;945;571;374;1556;649;907
2019;42;7;0;2879;1410;1469;383;223;160;912;524;388;1584;663;921
2019;43;7;0;2867;1436;1431;402;233;169;935;551;384;1530;652;878
2019;44;7;0;2856;1413;1443;394;217;177;884;500;384;1578;696;882
2019;45;7;0;3015;1517;1498;467;271;196;852;500;352;1696;746;950
2019;46;7;0;3060;1511;1549;458;262;196;922;518;404;1680;731;949
2019;47;7;0;3023;1428;1595;389;222;167;925;522;403;1709;684;1025
2019;48;7;0;3045;1509;1536;424;229;195;944;569;375;1677;711;966
2019;49;7;0;3018;1472;1546;407;229;178;918;515;403;1693;728;965
2019;50;7;0;3161;1547;1614;430;243;187;1021;588;433;1710;716;994
2019;51;7;0;3253;1618;1635;454;263;191;1000;568;432;1799;787;1012
2019;52;7;0;3028;1471;1557;410;242;168;936;537;399;1682;692;990
2020;2;7;0;3364;1677;1687;432;253;179;966;546;420;1966;878;1088
2020;3;7;0;3157;1530;1627;418;249;169;912;517;395;1827;764;1063
2020;4;7;0;3046;1470;1576;354;215;139;936;537;399;1756;718;1038
2020;5;7;0;3164;1578;1586;450;280;170;923;537;386;1791;761;1030
2020;6;7;0;3196;1593;1603;401;240;161;982;574;408;1813;779;1034
2020;7;7;0;3198;1506;1692;408;223;185;938;525;413;1852;758;1094
2020;8;7;0;2959;1485;1474;340;191;149;870;536;334;1749;758;991
2020;9;7;0;3098;1504;1594;404;230;174;911;525;386;1783;749;1034
2020;10;7;0;3107;1519;1588;394;229;165;889;505;384;1824;785;1039
2020;11;7;0;3218;1596;1622;410;250;160;948;546;402;1860;800;1060
2020;12;7;0;3614;1872;1742;448;268;180;1080;674;406;2086;930;1156
2020;13;7;0;4458;2366;2092;501;308;193;1402;841;561;2555;1217;1338
2020;14;7;0;5085;2667;2418;499;292;207;1503;923;580;3083;1452;1631
2020;15;7;0;4982;2529;2453;485;296;189;1435;877;558;3062;1356;1706
2020;16;7;0;4308;2128;2180;426;270;156;1234;723;511;2648;1135;1513
2020;17;7;0;3910;1935;1975;455;283;172;1155;690;465;2300;962;1338
2020;18;7;0;3383;1674;1709;445;274;171;1001;569;432;1937;831;1106
2020;19;7;0;2989;1464;1525;391;235;156;915;516;399;1683;713;970
2020;20;7;0;2777;1419;1358;374;238;136;835;485;350;1568;696;872
2020;21;7;0;2770;1388;1382;367;230;137;805;476;329;1598;682;916
2020;22;7;0;2732;1330;1402;371;228;143;858;491;367;1503;611;892
2020;23;7;0;2682;1373;1309;386;226;160;835;503;332;1461;644;817
2020;24;7;0;2689;1314;1375;405;218;187;834;518;316;1450;578;872
2020;25;7;0;2696;1344;1352;375;227;148;855;496;359;1466;621;845
2020;26;7;0;2659;1317;1342;381;207;174;827;478;349;1451;632;819
2020;27;7;0;2638;1280;1358;402;231;171;809;449;360;1427;600;827
2020;28;7;0;2619;1218;1401;390;228;162;812;449;363;1417;541;876
2020;29;7;0;2528;1235;1293;373;222;151;775;434;341;1380;579;801
2020;30;7;0;2673;1319;1354;407;236;171;823;459;364;1443;624;819
2020;31;7;0;2666;1299;1367;376;220;156;841;474;367;1449;605;844
2020;32;7;0;2642;1321;1321;420;245;175;819;467;352;1403;609;794
2020;33;7;0;3209;1541;1668;463;273;190;928;527;401;1818;741;1077
2020;34;7;0;2856;1422;1434;417;240;177;863;524;339;1576;658;918
2020;35;7;0;2735;1349;1386;353;200;153;865;487;378;1517;662;855
2020;36;7;0;2692;1331;1361;416;249;167;828;488;340;1448;594;854
2020;37;7;0;2742;1352;1390;396;226;170;898;512;386;1448;614;834
2020;38;7;0;2721;1375;1346;395;236;159;845;519;326;1481;620;861
2020;39;7;0;2891;1437;1454;394;232;162;880;519;361;1617;686;931
2020;40;7;0;3002;1503;1499;434;228;206;918;535;383;1650;740;910
2020;41;7;0;3022;1573;1449;379;211;168;990;589;401;1653;773;880
2020;42;7;0;3222;1615;1607;432;240;192;987;581;406;1803;794;1009
2020;43;7;0;3448;1809;1639;425;253;172;1080;645;435;1943;911;1032
2020;44;7;0;3687;1865;1822;409;248;161;1166;690;476;2112;927;1185
2020;45;7;0;3589;1856;1733;434;256;178;1111;690;421;2044;910;1134
2020;46;7;0;3580;1802;1778;435;256;179;1059;620;439;2086;926;1160
2020;47;7;0;3335;1704;1631;417;244;173;1083;643;440;1835;817;1018
2020;48;7;0;3405;1735;1670;436;271;165;1083;640;443;1886;824;1062
2020;49;7;0;3530;1770;1760;446;271;175;1112;641;471;1972;858;1114
2020;50;7;0;3615;1850;1765;464;277;187;1103;656;447;2048;917;1131
2020;51;7;0;3909;1955;1954;472;262;210;1188;709;479;2249;984;1265
2020;52;7;0;3867;1911;1956;432;257;175;1146;673;473;2289;981;1308
2021;1;7;1;4144;2093;2051;430;254;176;1179;690;489;2535;1149;1386
2021;2;7;1;3852;1947;1905;410;243;167;1111;653;458;2331;1051;1280
2021;3;7;1;3862;1900;1962;426;239;187;1087;632;455;2349;1029;1320
2021;4;7;1;3716;1870;1846;403;239;164;1106;660;446;2207;971;1236
2021;5;7;1;3654;1870;1784;380;214;166;1101;651;450;2173;1005;1168
2021;6;7;1;3550;1782;1768;410;235;175;1097;645;452;2043;902;1141
2021;7;7;1;3528;1695;1833;478;256;222;1039;605;434;2011;834;1177
2021;8;7;1;3207;1626;1581;403;240;163;985;587;398;1819;799;1020
2021;9;7;1;3105;1552;1553;416;240;176;969;573;396;1720;739;981
2021;10;7;1;3245;1622;1623;416;249;167;990;582;408;1839;791;1048
2021;11;7;1;3043;1556;1487;415;248;167;985;567;418;1643;741;902
2021;12;7;1;3045;1560;1485;389;215;174;1008;625;383;1648;720;928
2021;13;7;1;3178;1636;1542;414;241;173;1041;599;442;1723;796;927
2021;14;7;1;3164;1656;1508;449;273;176;1047;645;402;1668;738;930
2021;15;7;1;3141;1593;1548;440;240;200;1079;635;444;1622;718;904
2021;16;7;1;3145;1621;1524;454;278;176;1019;616;403;1672;727;945
2021;17;7;1;3125;1533;1592;437;261;176;1046;599;447;1642;673;969
2021;18;7;1;3003;1524;1479;411;238;173;1023;595;428;1569;691;878
2021;19;7;1;3018;1570;1448;496;307;189;937;566;371;1585;697;888
2021;20;7;1;2989;1485;1504;416;234;182;1026;610;416;1547;641;906
2021;21;7;1;2806;1410;1396;397;235;162;867;502;365;1542;673;869
2021;22;7;1;3009;1481;1528;438;251;187;946;520;426;1625;710;915
2021;23;7;1;2884;1426;1458;404;245;159;928;518;410;1552;663;889
2021;24;7;1;2871;1423;1448;411;220;191;897;519;378;1563;684;879
2021;25;7;1;2675;1345;1330;401;222;179;849;520;329;1425;603;822
2021;26;7;1;2793;1410;1383;426;264;162;865;499;366;1502;647;855
2021;27;7;1;2838;1421;1417;414;253;161;896;513;383;1528;655;873
2021;28;7;1;2872;1403;1469;408;234;174;900;512;388;1564;657;907
2021;29;7;1;2776;1348;1428;378;225;153;909;510;399;1489;613;876
2021;30;7;1;2913;1486;1427;398;240;158;943;539;404;1572;707;865
2021;31;7;1;2959;1425;1534;416;232;184;922;484;438;1621;709;912
2021;32;7;1;2840;1402;1438;416;245;171;884;507;377;1540;650;890
2021;33;7;1;2899;1429;1470;408;240;168;920;523;397;1571;666;905
2021;34;7;1;2929;1463;1466;446;264;182;946;549;397;1537;650;887
2021;35;7;1;2860;1452;1408;427;266;161;886;524;362;1547;662;885
2021;36;7;1;3090;1502;1588;435;252;183;1023;575;448;1632;675;957
2021;37;7;1;2918;1457;1461;428;226;202;932;547;385;1558;684;874
2021;38;7;1;2889;1424;1465;439;249;190;926;512;414;1524;663;861
2021;39;7;1;3072;1551;1521;439;257;182;986;552;434;1647;742;905
2021;40;7;1;3070;1512;1558;432;249;183;1006;559;447;1632;704;928
2021;41;7;1;3062;1547;1515;445;241;204;968;588;380;1649;718;931
2021;42;7;1;3273;1597;1676;443;263;180;1010;557;453;1820;777;1043
2021;43;7;1;3385;1715;1670;444;253;191;1044;620;424;1897;842;1055
2021;44;7;1;3515;1703;1812;454;254;200;1139;656;483;1922;793;1129
2021;45;7;1;3784;1928;1856;475;296;179;1185;673;512;2124;959;1165
2021;46;7;1;3994;2030;1964;441;271;170;1216;720;496;2337;1039;1298
2021;47;7;1;4190;2167;2023;495;305;190;1272;765;507;2423;1097;1326
2021;48;7;1;4387;2219;2168;494;275;219;1329;763;566;2564;1181;1383
2021;49;7;1;4364;2237;2127;533;315;218;1312;801;511;2519;1121;1398
2021;50;7;1;4036;1973;2063;475;260;215;1242;725;517;2319;988;1331
2021;51;7;1;3740;1843;1897;495;277;218;1143;654;489;2102;912;1190
2022;1;7;1;3434;1751;1683;465;282;183;1087;633;454;1882;836;1046
2022;2;7;1;3155;1573;1582;388;232;156;960;551;409;1807;790;1017
2022;3;7;1;3190;1596;1594;397;226;171;1011;603;408;1782;767;1015
2022;4;7;1;3202;1600;1602;359;211;148;982;576;406;1861;813;1048
2022;5;7;1;3282;1672;1610;455;257;198;988;587;401;1839;828;1011
2022;6;7;1;3251;1591;1660;382;214;168;999;562;437;1870;815;1055
2022;7;7;1;3375;1679;1696;374;217;157;1039;583;456;1962;879;1083
2022;8;7;1;3349;1723;1626;392;236;156;1034;593;441;1923;894;1029
2022;9;7;1;3231;1635;1596;408;248;160;957;559;398;1866;828;1038
2022;10;7;1;3382;1697;1685;451;261;190;1003;594;409;1928;842;1086
2022;11;7;1;3599;1834;1765;416;241;175;1118;693;425;2065;900;1165
2022;12;7;1;3625;1776;1849;435;258;177;1079;596;483;2111;922;1189
2022;13;7;1;3558;1730;1828;447;253;194;1039;617;422;2072;860;1212
2022;14;7;1;3567;1698;1869;419;238;181;1067;585;482;2081;875;1206
2022;15;7;1;3510;1698;1812;433;250;183;1021;593;428;2056;855;1201
2022;16;7;1;3230;1551;1679;422;233;189;931;544;387;1877;774;1103
2022;17;7;1;3132;1516;1616;380;223;157;929;551;378;1823;742;1081
2022;18;7;1;3114;1509;1605;418;237;181;968;543;425;1728;729;999
2022;19;7;1;3113;1509;1604;407;221;186;1013;576;437;1693;712;981
2022;20;7;1;3041;1456;1585;387;220;167;930;518;412;1724;718;1006
2022;21;7;1;2903;1442;1461;413;234;179;909;522;387;1581;686;895
2022;22;7;1;2916;1426;1490;382;234;148;924;521;403;1610;671;939